1525	2353
2353	1525
1592	2413
2413	1592
246	2353
2353	246
580	2353
2353	580
1269	2413
2413	1269
1620	2353
2353	1620
985	2353
2353	985
1877	2353
2353	1877
1278	2353
2353	1278
2104	2353
2353	2104
990	2353
2353	990
1093	2353
2353	1093
2342	2518
2518	2342
1380	2353
2353	1380
1314	2353
2353	1314
2143	2413
2413	2143
1487	2413
2413	1487
2158	2353
2353	2158
856	2353
2353	856
7	2353
2353	7
1857	2353
2353	1857
2122	2353
2353	2122
1413	2353
2353	1413
1438	2356
2356	1438
648	2353
2353	648
436	2773
2773	436
219	2376
2376	219
24	2376
2376	24
644	2376
2376	644
1450	2353
2353	1450
2336	2353
2353	2336
1590	2353
2353	1590
1805	2353
2353	1805
88	2353
2353	88
436	2376
2376	436
1927	2353
2353	1927
988	2353
2353	988
1979	2353
2353	1979
901	2397
2397	901
1838	2413
2413	1838
345	2353
2353	345
3	2353
2353	3
2070	2353
2353	2070
347	2353
2353	347
733	2353
2353	733
244	2353
2353	244
740	2353
2353	740
1532	2353
2353	1532
666	2353
2353	666
998	2353
2353	998
695	2353
2353	695
1548	2413
2413	1548
2317	2353
2353	2317
1587	2353
2353	1587
681	2353
2353	681
559	2353
2353	559
2052	2353
2353	2052
994	2413
2413	994
1637	2353
2353	1637
2210	2353
2353	2210
118	2353
2353	118
1471	2376
2376	1471
2261	2413
2413	2261
1727	2353
2353	1727
1169	2353
2353	1169
2092	2353
2353	2092
1209	2353
2353	1209
2253	2353
2353	2253
639	2353
2353	639
1414	2353
2353	1414
1135	2353
2353	1135
1679	2353
2353	1679
2268	2353
2353	2268
1366	2353
2353	1366
734	2353
2353	734
64	2353
2353	64
1649	2353
2353	1649
1006	2353
2353	1006
23	2353
2353	23
646	2353
2353	646
2315	2356
2356	2315
1022	2353
2353	1022
12	2353
2353	12
1580	2353
2353	1580
83	2353
2353	83
1176	2353
2353	1176
455	2376
2376	455
402	2353
2353	402
2181	2353
2353	2181
1076	2413
2413	1076
837	2353
2353	837
1315	2353
2353	1315
1623	2353
2353	1623
272	2397
2397	272
608	2353
2353	608
558	2353
2353	558
1863	2353
2353	1863
2034	2353
2353	2034
2176	2353
2353	2176
1718	2353
2353	1718
1026	2353
2353	1026
617	2353
2353	617
1967	2413
2413	1967
141	2353
2353	141
294	2413
2413	294
562	2353
2353	562
1393	2353
2353	1393
1100	2353
2353	1100
689	2518
2518	689
1964	2353
2353	1964
1467	2353
2353	1467
1029	2353
2353	1029
2203	2353
2353	2203
1728	2413
2413	1728
1604	2376
2376	1604
1889	2353
2353	1889
598	2376
2376	598
1620	2413
2413	1620
1082	2353
2353	1082
1973	2353
2353	1973
463	2413
2413	463
123	2413
2413	123
1477	2353
2353	1477
1180	2353
2353	1180
178	2353
2353	178
1122	2353
2353	1122
1902	2353
2353	1902
486	2353
2353	486
588	2353
2353	588
581	2353
2353	581
75	2353
2353	75
1897	2353
2353	1897
843	2353
2353	843
1835	2353
2353	1835
1958	2376
2376	1958
1757	2477
2477	1757
1000	2413
2413	1000
784	2353
2353	784
481	2376
2376	481
674	2353
2353	674
874	2353
2353	874
1422	2353
2353	1422
1390	2353
2353	1390
1197	2477
2477	1197
1369	2353
2353	1369
1914	2413
2413	1914
769	2353
2353	769
1024	2353
2353	1024
911	2353
2353	911
281	2353
2353	281
924	2353
2353	924
1550	2397
2397	1550
585	2353
2353	585
66	2353
2353	66
172	2353
2353	172
1837	2353
2353	1837
1562	2353
2353	1562
215	2518
2518	215
1311	2353
2353	1311
2049	2397
2397	2049
218	2413
2413	218
460	2353
2353	460
184	2353
2353	184
1903	2353
2353	1903
250	2353
2353	250
56	2353
2353	56
1492	2353
2353	1492
119	2353
2353	119
305	2353
2353	305
783	2397
2397	783
2187	2353
2353	2187
1578	2353
2353	1578
2041	2353
2353	2041
1788	2353
2353	1788
996	2353
2353	996
768	2353
2353	768
423	2353
2353	423
44	2353
2353	44
636	2353
2353	636
1758	2353
2353	1758
26	2353
2353	26
999	3355
3355	999
1947	2353
2353	1947
156	2353
2353	156
247	2353
2353	247
2009	2353
2353	2009
986	2413
2413	986
795	2353
2353	795
2285	2773
2773	2285
29	2353
2353	29
700	2413
2413	700
569	2353
2353	569
697	2413
2413	697
52	2353
2353	52
1010	2397
2397	1010
1165	2353
2353	1165
2200	2353
2353	2200
2328	2353
2353	2328
1531	2353
2353	1531
2262	2353
2353	2262
1472	2353
2353	1472
1154	2353
2353	1154
1761	2353
2353	1761
538	2353
2353	538
1221	2353
2353	1221
1630	2353
2353	1630
1140	2353
2353	1140
120	2353
2353	120
1174	2353
2353	1174
1497	2353
2353	1497
943	2353
2353	943
763	2353
2353	763
2345	2353
2353	2345
696	2353
2353	696
1092	2353
2353	1092
1228	2413
2413	1228
583	2353
2353	583
1798	2353
2353	1798
2169	2353
2353	2169
1867	2413
2413	1867
705	2376
2376	705
1612	2413
2413	1612
586	2353
2353	586
2313	2353
2353	2313
561	2353
2353	561
766	2353
2353	766
505	2376
2376	505
135	2353
2353	135
846	2353
2353	846
1462	2353
2353	1462
965	2773
2773	965
683	2413
2413	683
611	2353
2353	611
2279	2353
2353	2279
1434	2353
2353	1434
1106	2413
2413	1106
235	2353
2353	235
1445	2353
2353	1445
1257	2353
2353	1257
1482	2353
2353	1482
1339	2477
2477	1339
1564	2413
2413	1564
2059	2353
2353	2059
381	2353
2353	381
2118	2353
2353	2118
1885	2353
2353	1885
567	2353
2353	567
1447	2353
2353	1447
1843	2353
2353	1843
313	2353
2353	313
603	2353
2353	603
105	2353
2353	105
1037	2353
2353	1037
1498	2353
2353	1498
108	2353
2353	108
962	2353
2353	962
1217	2353
2353	1217
1622	2353
2353	1622
1454	2353
2353	1454
1423	2353
2353	1423
875	2353
2353	875
1712	2353
2353	1712
2346	2353
2353	2346
1418	2353
2353	1418
1426	2376
2376	1426
2110	2353
2353	2110
352	2353
2353	352
2027	2353
2353	2027
294	2353
2353	294
471	2353
2353	471
1552	2353
2353	1552
1645	2353
2353	1645
1603	2353
2353	1603
195	2477
2477	195
1589	2353
2353	1589
1064	2353
2353	1064
1451	2353
2353	1451
1433	2353
2353	1433
936	2353
2353	936
158	2353
2353	158
511	2353
2353	511
309	2353
2353	309
571	2353
2353	571
186	2353
2353	186
290	2353
2353	290
425	2376
2376	425
1560	2376
2376	1560
2081	2353
2353	2081
1762	2353
2353	1762
790	2353
2353	790
968	2353
2353	968
1765	2413
2413	1765
2001	2353
2353	2001
2011	2353
2353	2011
248	2413
2413	248
2151	2397
2397	2151
883	2353
2353	883
1683	2353
2353	1683
791	2353
2353	791
2233	2353
2353	2233
1797	2353
2353	1797
2221	2353
2353	2221
1091	2353
2353	1091
2337	2353
2353	2337
1383	2353
2353	1383
1309	2353
2353	1309
2021	2413
2413	2021
1480	2353
2353	1480
1748	2353
2353	1748
1822	2353
2353	1822
180	2353
2353	180
706	2413
2413	706
2065	2353
2353	2065
1534	2353
2353	1534
2135	2353
2353	2135
1441	2353
2353	1441
1370	2353
2353	1370
1002	2353
2353	1002
629	2353
2353	629
87	2413
2413	87
915	2353
2353	915
1866	2353
2353	1866
1873	2353
2353	1873
11	2397
2397	11
2278	2353
2353	2278
1099	2353
2353	1099
291	2353
2353	291
839	2353
2353	839
796	2353
2353	796
2150	2356
2356	2150
1053	2353
2353	1053
1988	2353
2353	1988
1776	2353
2353	1776
1551	2773
2773	1551
234	2353
2353	234
145	2353
2353	145
881	2376
2376	881
321	2353
2353	321
1719	2353
2353	1719
2321	2353
2353	2321
676	2353
2353	676
1163	2353
2353	1163
1230	2413
2413	1230
1703	2356
2356	1703
989	2353
2353	989
1384	2353
2353	1384
914	2353
2353	914
1620	2518
2518	1620
224	2353
2353	224
472	2353
2353	472
1253	2353
2353	1253
1241	2353
2353	1241
1887	2353
2353	1887
640	2353
2353	640
154	2353
2353	154
1888	2353
2353	1888
1125	2353
2353	1125
2219	2376
2376	2219
2132	2353
2353	2132
1151	2353
2353	1151
1512	2353
2353	1512
174	2353
2353	174
1752	2353
2353	1752
1586	2353
2353	1586
1058	2353
2353	1058
2339	2353
2353	2339
1175	2353
2353	1175
54	2353
2353	54
1252	2353
2353	1252
897	2353
2353	897
1725	2353
2353	1725
1664	2353
2353	1664
1304	2353
2353	1304
2142	2376
2376	2142
301	2353
2353	301
1563	2413
2413	1563
2178	2353
2353	2178
1427	2353
2353	1427
1879	2353
2353	1879
1432	2353
2353	1432
1110	2353
2353	1110
1081	2353
2353	1081
2298	2413
2413	2298
1819	2353
2353	1819
2305	2353
2353	2305
1436	2376
2376	1436
2209	2353
2353	2209
85	2353
2353	85
386	2353
2353	386
2198	2353
2353	2198
1510	2353
2353	1510
809	2353
2353	809
664	2413
2413	664
1255	2353
2353	1255
1123	2353
2353	1123
860	2353
2353	860
2076	2353
2353	2076
424	2353
2353	424
1330	2353
2353	1330
2039	2353
2353	2039
1242	2356
2356	1242
1544	2353
2353	1544
1757	2376
2376	1757
1288	2353
2353	1288
239	2353
2353	239
1284	2353
2353	1284
36	2397
2397	36
1421	2353
2353	1421
317	2353
2353	317
438	2518
2518	438
457	2353
2353	457
2227	2353
2353	2227
2212	2353
2353	2212
744	2353
2353	744
223	2353
2353	223
1563	2353
2353	1563
1618	2353
2353	1618
2078	2353
2353	2078
1129	2353
2353	1129
950	2413
2413	950
2275	2353
2353	2275
1643	2353
2353	1643
318	2353
2353	318
894	2353
2353	894
1214	2353
2353	1214
2062	2353
2353	2062
631	2353
2353	631
735	2353
2353	735
1218	2353
2353	1218
1126	2353
2353	1126
1976	2353
2353	1976
337	2353
2353	337
1924	2353
2353	1924
230	2376
2376	230
1764	2353
2353	1764
415	2397
2397	415
323	2353
2353	323
1685	2376
2376	1685
1911	2353
2353	1911
1270	2413
2413	1270
1975	2353
2353	1975
2197	2353
2353	2197
1025	2518
2518	1025
53	2353
2353	53
200	2353
2353	200
1582	2353
2353	1582
637	2353
2353	637
96	2353
2353	96
981	2353
2353	981
504	2353
2353	504
1374	2353
2353	1374
1444	2353
2353	1444
1204	2353
2353	1204
1050	2353
2353	1050
1747	2353
2353	1747
1549	2353
2353	1549
917	2353
2353	917
885	2413
2413	885
508	2353
2353	508
965	2353
2353	965
1127	2353
2353	1127
601	2413
2413	601
1726	2413
2413	1726
949	2353
2353	949
2180	2353
2353	2180
2312	2353
2353	2312
1690	2353
2353	1690
1660	2353
2353	1660
2244	2353
2353	2244
155	2353
2353	155
1185	2353
2353	1185
963	2413
2413	963
1056	2353
2353	1056
718	2353
2353	718
983	2413
2413	983
1935	2353
2353	1935
937	2353
2353	937
1381	2353
2353	1381
690	2356
2356	690
2245	2413
2413	2245
110	2353
2353	110
953	2376
2376	953
735	2477
2477	735
1991	2413
2413	1991
1858	2353
2353	1858
1397	2353
2353	1397
2338	2353
2353	2338
1541	2356
2356	1541
2087	2353
2353	2087
430	2518
2518	430
566	2353
2353	566
316	2397
2397	316
43	2353
2353	43
1096	2353
2353	1096
944	2413
2413	944
63	2353
2353	63
474	2397
2397	474
682	2353
2353	682
2060	2353
2353	2060
350	2353
2353	350
2242	2353
2353	2242
1119	2353
2353	1119
1348	2353
2353	1348
90	2353
2353	90
2093	2353
2353	2093
1621	2353
2353	1621
1197	2353
2353	1197
1789	2376
2376	1789
2159	2353
2353	2159
1556	2353
2353	1556
2185	2353
2353	2185
1599	2413
2413	1599
1273	2353
2353	1273
1429	2518
2518	1429
2005	2353
2353	2005
220	2353
2353	220
204	2353
2353	204
332	2376
2376	332
1923	2353
2353	1923
319	2376
2376	319
1912	2353
2353	1912
339	2353
2353	339
157	2353
2353	157
369	2397
2397	369
261	2353
2353	261
781	2353
2353	781
1222	2353
2353	1222
165	2353
2353	165
1588	2353
2353	1588
1751	2353
2353	1751
150	2353
2353	150
1118	2353
2353	1118
1187	2376
2376	1187
1767	2353
2353	1767
1160	2353
2353	1160
970	2376
2376	970
853	2353
2353	853
577	2353
2353	577
1820	2353
2353	1820
62	2353
2353	62
1898	2353
2353	1898
2166	2353
2353	2166
1305	2353
2353	1305
1324	2353
2353	1324
1090	2353
2353	1090
788	2353
2353	788
271	2353
2353	271
474	2376
2376	474
1640	2353
2353	1640
1851	2353
2353	1851
703	2397
2397	703
338	2353
2353	338
2047	2353
2353	2047
344	2353
2353	344
857	2353
2353	857
80	2353
2353	80
278	2353
2353	278
1868	2353
2353	1868
61	2353
2353	61
2054	2353
2353	2054
455	2397
2397	455
1159	2353
2353	1159
542	2353
2353	542
302	2353
2353	302
34	2353
2353	34
661	2353
2353	661
1710	2353
2353	1710
1601	2353
2353	1601
1568	2353
2353	1568
1949	2353
2353	1949
2218	2353
2353	2218
1346	2353
2353	1346
170	2353
2353	170
771	2353
2353	771
643	2353
2353	643
144	2353
2353	144
2322	2477
2477	2322
1220	2353
2353	1220
363	2397
2397	363
638	2353
2353	638
532	2353
2353	532
560	2353
2353	560
737	2353
2353	737
591	2353
2353	591
112	2353
2353	112
1392	2353
2353	1392
1048	2353
2353	1048
1089	2353
2353	1089
1736	2773
2773	1736
929	2353
2353	929
1107	2353
2353	1107
1013	2353
2353	1013
1183	2353
2353	1183
549	2353
2353	549
1203	2353
2353	1203
1108	2353
2353	1108
1263	2413
2413	1263
1716	2353
2353	1716
551	2353
2353	551
1697	2376
2376	1697
896	2353
2353	896
618	2353
2353	618
189	2353
2353	189
1244	2353
2353	1244
1499	2353
2353	1499
2146	2353
2353	2146
2071	2353
2353	2071
525	2353
2353	525
1810	2353
2353	1810
1279	2353
2353	1279
1112	2413
2413	1112
327	2353
2353	327
1804	2353
2353	1804
555	2353
2353	555
1194	2353
2353	1194
970	2773
2773	970
1248	2353
2353	1248
1768	2353
2353	1768
1538	2773
2773	1538
523	2376
2376	523
2323	2353
2353	2323
2270	2376
2376	2270
2145	2353
2353	2145
1673	2397
2397	1673
802	2353
2353	802
1212	2353
2353	1212
1865	2353
2353	1865
168	2413
2413	168
2201	2353
2353	2201
907	2353
2353	907
2240	2353
2353	2240
554	2353
2353	554
550	2353
2353	550
1971	2353
2353	1971
657	2353
2353	657
2208	2353
2353	2208
2214	2413
2413	2214
1707	2353
2353	1707
2069	2413
2413	2069
667	2353
2353	667
2153	2353
2353	2153
594	2353
2353	594
918	2353
2353	918
1138	2353
2353	1138
2316	2353
2353	2316
944	2353
2353	944
1350	2376
2376	1350
650	2413
2413	650
1832	2353
2353	1832
1919	2353
2353	1919
1729	2413
2413	1729
726	2353
2353	726
2265	2353
2353	2265
945	2353
2353	945
1505	2353
2353	1505
1023	2353
2353	1023
1846	2353
2353	1846
1994	2353
2353	1994
210	2353
2353	210
1658	2353
2353	1658
905	2353
2353	905
1864	2353
2353	1864
1201	2353
2353	1201
1606	2773
2773	1606
1969	2353
2353	1969
1914	2376
2376	1914
1068	2353
2353	1068
1631	2477
2477	1631
461	2353
2353	461
1500	2413
2413	1500
1655	2413
2413	1655
25	2353
2353	25
1478	2353
2353	1478
880	2353
2353	880
396	2356
2356	396
1202	2353
2353	1202
197	2353
2353	197
819	2353
2353	819
2068	2353
2353	2068
1415	2353
2353	1415
267	2353
2353	267
1698	2353
2353	1698
878	2353
2353	878
469	2353
2353	469
1448	2773
2773	1448
478	2397
2397	478
1373	2353
2353	1373
675	2353
2353	675
1233	2353
2353	1233
906	2353
2353	906
1584	2376
2376	1584
1136	2353
2353	1136
2266	2773
2773	2266
1073	2353
2353	1073
710	2353
2353	710
1289	2353
2353	1289
2186	2353
2353	2186
1958	2356
2356	1958
568	2353
2353	568
785	2353
2353	785
539	2353
2353	539
720	2413
2413	720
1246	2353
2353	1246
514	2353
2353	514
2325	2413
2413	2325
2117	2353
2353	2117
1473	2353
2353	1473
822	2353
2353	822
727	2353
2353	727
38	2353
2353	38
2161	2353
2353	2161
736	2353
2353	736
537	2353
2353	537
604	2353
2353	604
2002	2353
2353	2002
1934	2376
2376	1934
94	2353
2353	94
1179	2353
2353	1179
1161	2353
2353	1161
341	2353
2353	341
1439	2353
2353	1439
627	2353
2353	627
2241	2353
2353	2241
654	2397
2397	654
2124	2413
2413	2124
181	2353
2353	181
805	2353
2353	805
1750	2353
2353	1750
160	2353
2353	160
1316	2353
2353	1316
188	2397
2397	188
272	2376
2376	272
1559	2376
2376	1559
139	2353
2353	139
1917	2353
2353	1917
210	2413
2413	210
830	2353
2353	830
1078	2353
2353	1078
1308	2353
2353	1308
2252	2413
2413	2252
2075	2353
2353	2075
1223	2353
2353	1223
882	2353
2353	882
2044	2353
2353	2044
1344	2353
2353	1344
1097	2353
2353	1097
1101	2353
2353	1101
1035	2356
2356	1035
368	2353
2353	368
106	2353
2353	106
2175	2353
2353	2175
1823	2353
2353	1823
171	2353
2353	171
2272	2353
2353	2272
258	2353
2353	258
1351	2376
2376	1351
1034	2353
2353	1034
464	2353
2353	464
2296	2353
2353	2296
277	2353
2353	277
289	2353
2353	289
642	2376
2376	642
1173	2353
2353	1173
2243	2353
2353	2243
477	2353
2353	477
1743	2353
2353	1743
476	2413
2413	476
1960	2353
2353	1960
1032	2353
2353	1032
1282	2353
2353	1282
359	2356
2356	359
365	2353
2353	365
501	2353
2353	501
623	2353
2353	623
887	2353
2353	887
454	2353
2353	454
844	2353
2353	844
2156	2413
2413	2156
336	2353
2353	336
2126	2353
2353	2126
1997	2353
2353	1997
188	2376
2376	188
1021	2353
2353	1021
1546	2353
2353	1546
21	2353
2353	21
1569	2353
2353	1569
711	2413
2413	711
169	2353
2353	169
909	2353
2353	909
1394	2353
2353	1394
921	2353
2353	921
1149	2353
2353	1149
879	2376
2376	879
2026	2353
2353	2026
513	2518
2518	513
632	2353
2353	632
2004	2353
2353	2004
1448	2353
2353	1448
847	2353
2353	847
130	2353
2353	130
974	2353
2353	974
757	2353
2353	757
2198	2477
2477	2198
2114	2353
2353	2114
2191	2518
2518	2191
1074	2353
2353	1074
371	2353
2353	371
1526	2413
2413	1526
2289	2353
2353	2289
53	2413
2413	53
758	2413
2413	758
1506	2353
2353	1506
303	2353
2353	303
903	2376
2376	903
228	2353
2353	228
688	2353
2353	688
2147	2353
2353	2147
1465	2353
2353	1465
1104	2353
2353	1104
2148	2353
2353	2148
6	2353
2353	6
2046	2356
2356	2046
1813	2518
2518	1813
1470	2353
2353	1470
432	2353
2353	432
794	2353
2353	794
2329	2353
2353	2329
2332	2353
2353	2332
861	2353
2353	861
529	2353
2353	529
1850	2353
2353	1850
1387	2353
2353	1387
2309	2353
2353	2309
701	2353
2353	701
2086	2353
2353	2086
1105	2353
2353	1105
388	2356
2356	388
1968	2353
2353	1968
240	2353
2353	240
991	3044
3044	991
1528	2353
2353	1528
1386	2353
2353	1386
1466	2353
2353	1466
813	2353
2353	813
1147	2353
2353	1147
2152	2353
2353	2152
77	2353
2353	77
1385	2353
2353	1385
2239	2353
2353	2239
842	2353
2353	842
461	2413
2413	461
1744	2353
2353	1744
1303	2353
2353	1303
1639	2376
2376	1639
1416	2353
2353	1416
295	2353
2353	295
1642	2353
2353	1642
1260	2353
2353	1260
320	2353
2353	320
1475	2477
2477	1475
1479	2376
2376	1479
103	2353
2353	103
2106	2353
2353	2106
1134	2353
2353	1134
1296	2353
2353	1296
1662	2353
2353	1662
1379	2353
2353	1379
1829	2353
2353	1829
1763	2413
2413	1763
268	2353
2353	268
459	2413
2413	459
922	2353
2353	922
2129	2353
2353	2129
415	2376
2376	415
1328	2353
2353	1328
598	2353
2353	598
2326	2413
2413	2326
101	2413
2413	101
1145	2353
2353	1145
1524	2353
2353	1524
2343	2353
2353	2343
11	2353
2353	11
1319	2353
2353	1319
1780	2353
2353	1780
396	2397
2397	396
982	2477
2477	982
1746	2353
2353	1746
206	2353
2353	206
1536	2353
2353	1536
1684	2353
2353	1684
128	2353
2353	128
1856	2353
2353	1856
1290	2353
2353	1290
898	2353
2353	898
137	2353
2353	137
854	2518
2518	854
1998	2353
2353	1998
635	2353
2353	635
2121	2353
2353	2121
276	2353
2353	276
1152	2353
2353	1152
2043	2353
2353	2043
1027	2353
2353	1027
2249	2353
2353	2249
624	2413
2413	624
563	2353
2353	563
403	2376
2376	403
1407	2413
2413	1407
8	2376
2376	8
1910	2353
2353	1910
996	2413
2413	996
1170	2353
2353	1170
45	2353
2353	45
865	2413
2413	865
1819	2413
2413	1819
1231	2353
2353	1231
2236	2353
2353	2236
427	2353
2353	427
30	2477
2477	30
2318	2353
2353	2318
331	2353
2353	331
396	2773
2773	396
829	2353
2353	829
2020	2353
2353	2020
1918	2353
2353	1918
2018	2353
2353	2018
1626	2353
2353	1626
2331	2353
2353	2331
2023	2353
2353	2023
526	2353
2353	526
1845	2353
2353	1845
1654	2353
2353	1654
292	2773
2773	292
1831	2353
2353	1831
1635	2353
2353	1635
911	2413
2413	911
1337	2353
2353	1337
556	2353
2353	556
1308	2413
2413	1308
1293	2353
2353	1293
340	2353
2353	340
1382	2413
2413	1382
1067	2353
2353	1067
2274	2353
2353	2274
1709	2353
2353	1709
84	2353
2353	84
2171	2353
2353	2171
1597	2353
2353	1597
2179	2477
2477	2179
2289	2413
2413	2289
2189	2518
2518	2189
1353	2353
2353	1353
2153	2413
2413	2153
1876	2413
2413	1876
1215	2353
2353	1215
2099	3355
3355	2099
2333	2353
2353	2333
541	2353
2353	541
817	2353
2353	817
5	2353
2353	5
975	2353
2353	975
2237	2413
2413	2237
68	2413
2413	68
226	2353
2353	226
1714	2376
2376	1714
2251	2353
2353	2251
2120	2353
2353	2120
1787	2356
2356	1787
1703	2397
2397	1703
1035	2376
2376	1035
111	2353
2353	111
2222	2353
2353	2222
1455	2353
2353	1455
1543	2353
2353	1543
1388	2353
2353	1388
374	2353
2353	374
1538	2353
2353	1538
1755	2353
2353	1755
2095	2353
2353	2095
183	2353
2353	183
225	2353
2353	225
1943	2518
2518	1943
910	2353
2353	910
1017	2413
2413	1017
1400	2353
2353	1400
1825	2353
2353	1825
888	2376
2376	888
1398	2353
2353	1398
1853	2353
2353	1853
24	2413
2413	24
1080	2353
2353	1080
1325	2353
2353	1325
2184	2353
2353	2184
631	2376
2376	631
1921	2413
2413	1921
2084	2413
2413	2084
1350	3355
3355	1350
845	2353
2353	845
1030	2353
2353	1030
444	2376
2376	444
1570	2353
2353	1570
1181	2477
2477	1181
117	2353
2353	117
1711	2353
2353	1711
1057	2353
2353	1057
1617	2353
2353	1617
102	2353
2353	102
1458	2353
2353	1458
1226	2353
2353	1226
1287	2353
2353	1287
1933	2353
2353	1933
1854	2353
2353	1854
2144	2413
2413	2144
1836	2353
2353	1836
1925	2353
2353	1925
1345	2376
2376	1345
406	2397
2397	406
1514	2353
2353	1514
1243	2353
2353	1243
1922	2353
2353	1922
310	2353
2353	310
1292	2353
2353	1292
2335	2353
2353	2335
1852	2353
2353	1852
867	2518
2518	867
308	2353
2353	308
1038	2353
2353	1038
751	2413
2413	751
934	2413
2413	934
1713	2413
2413	1713
372	2353
2353	372
1322	2353
2353	1322
2142	2413
2413	2142
1017	2353
2353	1017
2334	2353
2353	2334
2165	2353
2353	2165
1754	2353
2353	1754
2098	2353
2353	2098
2038	2353
2353	2038
963	2376
2376	963
1840	2353
2353	1840
703	2353
2353	703
2213	2477
2477	2213
1900	2353
2353	1900
797	2353
2353	797
782	2353
2353	782
1708	2353
2353	1708
543	2353
2353	543
2263	2353
2353	2263
1781	2353
2353	1781
1930	2353
2353	1930
299	2353
2353	299
16	2353
2353	16
1281	2353
2353	1281
2003	2353
2353	2003
1323	2353
2353	1323
704	2353
2353	704
535	2353
2353	535
1827	2413
2413	1827
375	2353
2353	375
1799	2353
2353	1799
2228	2413
2413	2228
1367	2353
2353	1367
545	2353
2353	545
955	2353
2353	955
1540	2353
2353	1540
1841	2353
2353	1841
1545	2353
2353	1545
2139	2353
2353	2139
729	2353
2353	729
964	2353
2353	964
2007	2353
2353	2007
304	2353
2353	304
1651	2353
2353	1651
480	2353
2353	480
1143	2353
2353	1143
1172	2353
2353	1172
330	2353
2353	330
798	2353
2353	798
173	2353
2353	173
658	2413
2413	658
726	2413
2413	726
1412	2353
2353	1412
810	2353
2353	810
731	2353
2353	731
1816	2353
2353	1816
2103	2353
2353	2103
2240	2397
2397	2240
528	2353
2353	528
2193	2353
2353	2193
811	2353
2353	811
1250	2773
2773	1250
2226	2353
2353	2226
725	2376
2376	725
2113	2353
2353	2113
1131	2477
2477	1131
1368	2353
2353	1368
2017	2353
2353	2017
124	2353
2353	124
1343	2413
2413	1343
1778	2356
2356	1778
952	2353
2353	952
2111	2353
2353	2111
1993	2353
2353	1993
143	2477
2477	143
2112	2353
2353	2112
623	2413
2413	623
2172	2353
2353	2172
1985	2353
2353	1985
2204	2353
2353	2204
1157	2353
2353	1157
1966	2353
2353	1966
1702	2413
2413	1702
39	2353
2353	39
607	2353
2353	607
1796	2353
2353	1796
2192	2353
2353	2192
824	2353
2353	824
1354	2353
2353	1354
1794	2353
2353	1794
787	2376
2376	787
908	2518
2518	908
1696	2353
2353	1696
1276	2353
2353	1276
1769	2376
2376	1769
1791	2353
2353	1791
2134	2353
2353	2134
1950	2353
2353	1950
1335	2353
2353	1335
305	2518
2518	305
1614	2353
2353	1614
2311	2353
2353	2311
307	2353
2353	307
916	2413
2413	916
400	2353
2353	400
1982	2413
2413	1982
1113	2353
2353	1113
2206	2353
2353	2206
1992	2413
2413	1992
1088	2353
2353	1088
582	2353
2353	582
828	2353
2353	828
2163	2353
2353	2163
1349	2353
2353	1349
272	2353
2353	272
1870	2413
2413	1870
889	2353
2353	889
322	2353
2353	322
2292	2353
2353	2292
596	2353
2353	596
759	2353
2353	759
356	2353
2353	356
1235	2353
2353	1235
1476	2413
2413	1476
251	2353
2353	251
1984	2353
2353	1984
1124	2353
2353	1124
1579	2353
2353	1579
1675	2353
2353	1675
575	2353
2353	575
379	2353
2353	379
1234	2353
2353	1234
509	2353
2353	509
1028	2353
2353	1028
1735	2353
2353	1735
367	2353
2353	367
1333	2413
2413	1333
972	2353
2353	972
749	2353
2353	749
1442	2773
2773	1442
1624	2353
2353	1624
290	2376
2376	290
770	2353
2353	770
1847	2353
2353	1847
1571	2353
2353	1571
1577	2376
2376	1577
652	2353
2353	652
2247	2353
2353	2247
1632	2353
2353	1632
803	2353
2353	803
1336	2353
2353	1336
1377	2353
2353	1377
997	2413
2413	997
926	2353
2353	926
18	2353
2353	18
2207	2353
2353	2207
439	2353
2353	439
1502	2413
2413	1502
1933	2413
2413	1933
564	2353
2353	564
257	2353
2353	257
1158	2353
2353	1158
1307	2413
2413	1307
694	2353
2353	694
1291	2353
2353	1291
1111	2353
2353	1111
366	2376
2376	366
435	2353
2353	435
151	2353
2353	151
207	2353
2353	207
1800	2353
2353	1800
2202	2353
2353	2202
850	2353
2353	850
825	2413
2413	825
1071	2353
2353	1071
716	2353
2353	716
199	2376
2376	199
59	2413
2413	59
2024	2353
2353	2024
2230	2353
2353	2230
590	2353
2353	590
269	2353
2353	269
377	2353
2353	377
23	2376
2376	23
2273	2353
2353	2273
282	2353
2353	282
1033	2353
2353	1033
1929	2353
2353	1929
1701	2413
2413	1701
544	2353
2353	544
188	2773
2773	188
121	2376
2376	121
1186	2353
2353	1186
1456	2353
2353	1456
92	2353
2353	92
1403	2353
2353	1403
533	2353
2353	533
1741	2376
2376	1741
1042	2353
2353	1042
1795	2353
2353	1795
954	2353
2353	954
1430	2518
2518	1430
1941	2353
2353	1941
1520	2413
2413	1520
2188	2353
2353	2188
1207	2353
2353	1207
1700	2413
2413	1700
441	2353
2353	441
502	2353
2353	502
2157	2353
2353	2157
1019	2353
2353	1019
1356	2353
2353	1356
114	2353
2353	114
1987	2353
2353	1987
1855	2353
2353	1855
939	2353
2353	939
1406	2353
2353	1406
316	2376
2376	316
354	2353
2353	354
1555	2353
2353	1555
548	2353
2353	548
801	2353
2353	801
1275	2353
2353	1275
2037	2353
2353	2037
1749	2353
2353	1749
1341	2353
2353	1341
773	2477
2477	773
616	2353
2353	616
712	2413
2413	712
1523	2353
2353	1523
252	2353
2353	252
884	2413
2413	884
1909	2376
2376	1909
126	2353
2353	126
1812	2353
2353	1812
149	2353
2353	149
2067	2353
2353	2067
1419	2353
2353	1419
1066	2353
2353	1066
208	2353
2353	208
2183	2353
2353	2183
1661	2353
2353	1661
211	2353
2353	211
229	2353
2353	229
587	2353
2353	587
2138	2413
2413	2138
483	2353
2353	483
15	2353
2353	15
1745	2353
2353	1745
1939	2353
2353	1939
1518	2353
2353	1518
1313	2353
2353	1313
28	2353
2353	28
1008	2353
2353	1008
2196	2353
2353	2196
1195	2353
2353	1195
1012	2413
2413	1012
1077	2353
2353	1077
534	2376
2376	534
863	2353
2353	863
348	2353
2353	348
2094	2376
2376	2094
466	3355
3355	466
983	2353
2353	983
1771	2477
2477	1771
2240	2413
2413	2240
621	2353
2353	621
9	2353
2353	9
593	2353
2353	593
1978	2353
2353	1978
2295	2353
2353	2295
2096	2353
2353	2096
1786	2413
2413	1786
1116	2353
2353	1116
1962	2353
2353	1962
1672	2353
2353	1672
1459	2353
2353	1459
11	2773
2773	11
1528	2413
2413	1528
1759	2477
2477	1759
70	2413
2413	70
1132	2353
2353	1132
1294	2353
2353	1294
1485	2376
2376	1485
241	2353
2353	241
732	2353
2353	732
1399	2353
2353	1399
1395	2353
2353	1395
1036	2353
2353	1036
273	2353
2353	273
2155	2413
2413	2155
100	2353
2353	100
245	2353
2353	245
1205	2353
2353	1205
2131	2353
2353	2131
959	2353
2353	959
1704	2353
2353	1704
1801	2353
2353	1801
1616	2353
2353	1616
1449	2353
2353	1449
553	2353
2353	553
1295	2353
2353	1295
478	2413
2413	478
1689	2413
2413	1689
973	2353
2353	973
1772	2353
2353	1772
1779	2353
2353	1779
557	2353
2353	557
677	2353
2353	677
1177	2353
2353	1177
1267	2413
2413	1267
1548	2477
2477	1548
2341	2353
2353	2341
1435	2353
2353	1435
890	2353
2353	890
953	2413
2413	953
1756	2353
2353	1756
613	2413
2413	613
1216	2413
2413	1216
1086	2353
2353	1086
259	2353
2353	259
2019	2353
2353	2019
1644	2376
2376	1644
1896	2353
2353	1896
1031	2353
2353	1031
495	2353
2353	495
842	2376
2376	842
115	2353
2353	115
1605	2477
2477	1605
1193	2353
2353	1193
776	2353
2353	776
1376	2413
2413	1376
2125	2353
2353	2125
959	2413
2413	959
123	2376
2376	123
1219	2353
2353	1219
1862	2353
2353	1862
2170	2353
2353	2170
914	2477
2477	914
1144	2353
2353	1144
2119	2353
2353	2119
440	2353
2353	440
2032	2353
2353	2032
2100	2353
2353	2100
2058	2353
2353	2058
978	2353
2353	978
131	2353
2353	131
1211	2353
2353	1211
1148	2353
2353	1148
564	2413
2413	564
1484	2353
2353	1484
772	2353
2353	772
702	2353
2353	702
920	2353
2353	920
1240	2353
2353	1240
1817	2353
2353	1817
1018	2353
2353	1018
2224	2353
2353	2224
2205	2353
2353	2205
1076	2376
2376	1076
522	2353
2353	522
2219	2353
2353	2219
37	2353
2353	37
1933	2773
2773	1933
51	2353
2353	51
324	2353
2353	324
494	2353
2353	494
622	2477
2477	622
1020	2353
2353	1020
610	2353
2353	610
2177	2353
2353	2177
793	2353
2353	793
1986	2413
2413	1986
1283	2353
2353	1283
1357	2353
2353	1357
2304	2353
2353	2304
919	2353
2353	919
941	2353
2353	941
1227	2353
2353	1227
925	2353
2353	925
2324	2353
2353	2324
821	2353
2353	821
1561	2353
2353	1561
2276	2353
2353	2276
380	2353
2353	380
233	2353
2353	233
877	2353
2353	877
146	2353
2353	146
396	2413
2413	396
335	2353
2353	335
1481	2353
2353	1481
2010	2353
2353	2010
1372	2518
2518	1372
1981	2353
2353	1981
709	2353
2353	709
1001	2353
2353	1001
2141	2376
2376	2141
531	2353
2353	531
1139	2353
2353	1139
2314	2353
2353	2314
552	2353
2353	552
1650	2413
2413	1650
1995	2518
2518	1995
1133	2353
2353	1133
1274	2353
2353	1274
2133	2353
2353	2133
362	2353
2353	362
1676	2353
2353	1676
105	2477
2477	105
302	2376
2376	302
1576	2376
2376	1576
2238	2353
2353	2238
8	2353
2353	8
1085	2518
2518	1085
82	2413
2413	82
314	2353
2353	314
1699	2353
2353	1699
931	2353
2353	931
232	2353
2353	232
2050	2353
2353	2050
1333	2353
2353	1333
1362	2353
2353	1362
1837	2376
2376	1837
243	2413
2413	243
428	2376
2376	428
840	2353
2353	840
592	2353
2353	592
1192	2353
2353	1192
1178	2353
2353	1178
1666	2353
2353	1666
2284	2353
2353	2284
1142	2353
2353	1142
2029	2353
2353	2029
262	2353
2353	262
1317	2353
2353	1317
1489	2413
2413	1489
1075	2353
2353	1075
1749	2376
2376	1749
961	2353
2353	961
500	2353
2353	500
685	2397
2397	685
2046	2413
2413	2046
455	2773
2773	455
506	2353
2353	506
334	2353
2353	334
2216	2353
2353	2216
2330	2353
2353	2330
792	2353
2353	792
286	2353
2353	286
307	2477
2477	307
133	2353
2353	133
492	2353
2353	492
1446	2353
2353	1446
163	2413
2413	163
932	2353
2353	932
274	2353
2353	274
2085	2353
2353	2085
1280	2353
2353	1280
2097	2353
2353	2097
392	2353
2353	392
1420	2353
2353	1420
1591	2353
2353	1591
789	2353
2353	789
2115	2353
2353	2115
1014	2353
2353	1014
852	2353
2353	852
762	2353
2353	762
1416	2477
2477	1416
671	2376
2376	671
1698	2413
2413	1698
1049	2353
2353	1049
653	2376
2376	653
1965	2353
2353	1965
2195	2353
2353	2195
1564	2353
2353	1564
1705	2353
2353	1705
1286	2353
2353	1286
33	2397
2397	33
2179	2353
2353	2179
1785	2353
2353	1785
116	2353
2353	116
1896	2376
2376	1896
1404	2353
2353	1404
724	2353
2353	724
384	2353
2353	384
1171	2353
2353	1171
519	2518
2518	519
86	2353
2353	86
960	2353
2353	960
1738	2353
2353	1738
816	2353
2353	816
316	2413
2413	316
1521	2353
2353	1521
487	2353
2353	487
478	2376
2376	478
950	2353
2353	950
47	2353
2353	47
1977	2413
2413	1977
1612	2353
2353	1612
1306	2413
2413	1306
297	2353
2353	297
479	2353
2353	479
1731	2353
2353	1731
693	2353
2353	693
1378	2353
2353	1378
231	2353
2353	231
97	2353
2353	97
11	2376
2376	11
2211	2353
2353	2211
2088	2353
2353	2088
1009	2353
2353	1009
366	2413
2413	366
383	2353
2353	383
2021	2353
2353	2021
2090	2353
2353	2090
434	2353
2353	434
1802	2353
2353	1802
2035	2353
2353	2035
2022	2353
2353	2022
140	2353
2353	140
752	2353
2353	752
1604	2356
2356	1604
1905	2353
2353	1905
1667	2353
2353	1667
27	2353
2353	27
2288	2353
2353	2288
769	2413
2413	769
1210	2353
2353	1210
739	2353
2353	739
1063	2353
2353	1063
2264	2353
2353	2264
122	2353
2353	122
98	2353
2353	98
218	2773
2773	218
521	2353
2353	521
1842	2413
2413	1842
2213	2353
2353	2213
987	2353
2353	987
1137	2353
2353	1137
264	2353
2353	264
2025	2353
2353	2025
1906	2353
2353	1906
725	2397
2397	725
1777	2353
2353	1777
573	2353
2353	573
230	2413
2413	230
2178	2477
2477	2178
1760	2353
2353	1760
2308	2773
2773	2308
2168	2353
2353	2168
1732	2353
2353	1732
425	2397
2397	425
1961	2353
2353	1961
1318	2353
2353	1318
1581	2353
2353	1581
1712	2413
2413	1712
746	2353
2353	746
614	2353
2353	614
2014	2353
2353	2014
1593	2353
2353	1593
1334	2353
2353	1334
401	2376
2376	401
194	2353
2353	194
1409	2353
2353	1409
715	2353
2353	715
148	2353
2353	148
2270	2397
2397	2270
1121	2353
2353	1121
1266	2353
2353	1266
1272	2353
2353	1272
1848	2353
2353	1848
1628	2477
2477	1628
1303	2773
2773	1303
2064	2353
2353	2064
222	2353
2353	222
595	2353
2353	595
395	2353
2353	395
708	2376
2376	708
1103	2353
2353	1103
1989	2353
2353	1989
202	2353
2353	202
1237	2353
2353	1237
834	2353
2353	834
433	2413
2413	433
741	2353
2353	741
1628	2353
2353	1628
2257	2353
2353	2257
1782	2413
2413	1782
1653	2353
2353	1653
2048	2353
2353	2048
1828	2353
2353	1828
963	2773
2773	963
166	2353
2353	166
871	2353
2353	871
2105	2353
2353	2105
1625	2353
2353	1625
1992	2353
2353	1992
1953	2353
2353	1953
1907	2356
2356	1907
677	2413
2413	677
1830	2353
2353	1830
546	2353
2353	546
1737	2376
2376	1737
912	2353
2353	912
2080	2353
2353	2080
1258	2413
2413	1258
778	2353
2353	778
357	3044
3044	357
1954	2353
2353	1954
2199	2353
2353	2199
219	2353
2353	219
612	2353
2353	612
19	2376
2376	19
2299	2477
2477	2299
1040	2353
2353	1040
536	2353
2353	536
2127	2353
2353	2127
326	2353
2353	326
1431	2353
2353	1431
134	2353
2353	134
1182	2353
2353	1182
1963	2353
2353	1963
306	2353
2353	306
1302	2353
2353	1302
1774	2353
2353	1774
1453	2353
2353	1453
1814	2353
2353	1814
1155	2353
2353	1155
2013	2353
2353	2013
2045	2353
2353	2045
902	2353
2353	902
1904	2353
2353	1904
1567	2353
2353	1567
456	2353
2353	456
312	2353
2353	312
1410	2353
2353	1410
602	2353
2353	602
1251	2353
2353	1251
1894	2353
2353	1894
2256	2353
2353	2256
738	2353
2353	738
2167	2353
2353	2167
1886	2353
2353	1886
104	2353
2353	104
868	2353
2353	868
2174	2353
2353	2174
1162	2353
2353	1162
1893	2353
2353	1893
2287	2353
2353	2287
873	2353
2353	873
779	2353
2353	779
1338	2353
2353	1338
1861	2353
2353	1861
578	2353
2353	578
2	2353
2353	2
1347	2353
2353	1347
1771	2413
2413	1771
385	2397
2397	385
2231	2353
2353	2231
1575	2413
2413	1575
1677	2353
2353	1677
1959	2353
2353	1959
1724	2353
2353	1724
721	2353
2353	721
31	2353
2353	31
758	2353
2353	758
1425	2353
2353	1425
1878	2413
2413	1878
684	2353
2353	684
2344	2353
2353	2344
913	2477
2477	913
642	2397
2397	642
275	2353
2353	275
2254	2353
2353	2254
876	2353
2353	876
730	2353
2353	730
388	2353
2353	388
1668	2353
2353	1668
753	2353
2353	753
1061	2413
2413	1061
1766	2353
2353	1766
394	2353
2353	394
1411	2413
2413	1411
815	2773
2773	815
1993	2413
2413	1993
2281	2353
2353	2281
2307	2353
2353	2307
1	2353
2353	1
806	2353
2353	806
176	2353
2353	176
822	2413
2413	822
1824	2353
2353	1824
293	2353
2353	293
323	2413
2413	323
1168	2353
2353	1168
1837	2413
2413	1837
503	2353
2353	503
412	2353
2353	412
966	2353
2353	966
928	2353
2353	928
2326	2353
2353	2326
1669	2353
2353	1669
819	2413
2413	819
1012	2477
2477	1012
4	2353
2353	4
862	2353
2353	862
1452	2353
2353	1452
209	2353
2353	209
1264	2353
2353	1264
1740	2353
2353	1740
1530	2353
2353	1530
216	2353
2353	216
841	2353
2353	841
453	2353
2353	453
360	2413
2413	360
951	2353
2353	951
333	2353
2353	333
1529	2353
2353	1529
1807	2353
2353	1807
2250	2353
2353	2250
1128	2353
2353	1128
1474	2353
2353	1474
167	2353
2353	167
1670	2353
2353	1670
158	2376
2376	158
1156	2353
2353	1156
1803	2353
2353	1803
2271	2353
2353	2271
1191	2353
2353	1191
1565	2353
2353	1565
57	2353
2353	57
1424	2353
2353	1424
1297	2353
2353	1297
1836	2413
2413	1836
19	2773
2773	19
1007	2353
2353	1007
1934	2353
2353	1934
713	2353
2353	713
2235	2353
2353	2235
866	2356
2356	866
35	2353
2353	35
1972	2353
2353	1972
2267	2353
2353	2267
605	2413
2413	605
1671	2353
2353	1671
2220	2353
2353	2220
1396	2353
2353	1396
2154	2353
2353	2154
491	2353
2353	491
1566	2353
2353	1566
1321	2353
2353	1321
300	2353
2353	300
1146	2353
2353	1146
722	2353
2353	722
600	2413
2413	600
800	2353
2353	800
89	2353
2353	89
1656	2353
2353	1656
2094	2353
2353	2094
1358	2413
2413	1358
1360	2353
2353	1360
1946	2353
2353	1946
382	2477
2477	382
2053	2413
2413	2053
634	2353
2353	634
125	2353
2353	125
461	2477
2477	461
2102	2376
2376	2102
2319	2353
2353	2319
1908	2353
2353	1908
1665	2353
2353	1665
1920	2353
2353	1920
147	2353
2353	147
1417	2353
2353	1417
1332	2353
2353	1332
1594	2353
2353	1594
355	2477
2477	355
1739	2353
2353	1739
1261	2353
2353	1261
242	2353
2353	242
1249	2353
2353	1249
1955	2353
2353	1955
946	2353
2353	946
1059	2353
2353	1059
649	2413
2413	649
1952	2353
2353	1952
346	2353
2353	346
343	2353
2353	343
414	2518
2518	414
1980	2353
2353	1980
1931	2413
2413	1931
0	2353
2353	0
2164	2353
2353	2164
249	2353
2353	249
6	2413
2413	6
1003	2413
2413	1003
1522	2353
2353	1522
1507	2353
2353	1507
565	2353
2353	565
1500	2477
2477	1500
971	2353
2353	971
2061	2353
2353	2061
660	2353
2353	660
1200	2353
2353	1200
901	2376
2376	901
1693	2353
2353	1693
1095	2353
2353	1095
520	2353
2353	520
182	2353
2353	182
1351	2413
2413	1351
717	2353
2353	717
370	2353
2353	370
1633	2353
2353	1633
1686	2353
2353	1686
1606	2353
2353	1606
462	2353
2353	462
1957	2353
2353	1957
958	2353
2353	958
436	2353
2353	436
756	2353
2353	756
1987	2413
2413	1987
408	2353
2353	408
464	2413
2413	464
570	2353
2353	570
1188	2353
2353	1188
668	2353
2353	668
995	2353
2353	995
773	2353
2353	773
266	2353
2353	266
993	2353
2353	993
1742	2353
2353	1742
1326	2353
2353	1326
193	5334
5334	193
1595	2353
2353	1595
1359	2353
2353	1359
754	2413
2413	754
109	2353
2353	109
1274	3044
3044	1274
1062	2353
2353	1062
1573	2353
2353	1573
1196	2353
2353	1196
2303	2353
2353	2303
1051	2353
2353	1051
814	2353
2353	814
2294	2353
2353	2294
1198	2353
2353	1198
1519	2413
2413	1519
1494	2353
2353	1494
645	2353
2353	645
1608	2413
2413	1608
1692	2353
2353	1692
838	2518
2518	838
351	2353
2353	351
1043	2413
2413	1043
1875	2413
2413	1875
2040	2353
2353	2040
650	2353
2353	650
101	2353
2353	101
698	2413
2413	698
1382	2353
2353	1382
619	2353
2353	619
818	2353
2353	818
2053	2353
2353	2053
129	2353
2353	129
2137	2353
2353	2137
774	2353
2353	774
1268	2413
2413	1268
1680	2353
2353	1680
730	2413
2413	730
2162	2353
2353	2162
398	2353
2353	398
2255	2518
2518	2255
1199	2353
2353	1199
1533	2353
2353	1533
68	2477
2477	68
1327	2353
2353	1327
2182	2353
2353	2182
606	2353
2353	606
1682	2353
2353	1682
584	2353
2353	584
1331	2353
2353	1331
2077	2376
2376	2077
1691	2353
2353	1691
1891	2353
2353	1891
2160	2353
2353	2160
1892	2353
2353	1892
436	2413
2413	436
747	2353
2353	747
2225	2353
2353	2225
1928	2353
2353	1928
71	2353
2353	71
938	2353
2353	938
1790	2353
2353	1790
858	2518
2518	858
1722	2413
2413	1722
1712	2376
2376	1712
1558	2353
2353	1558
2234	2353
2353	2234
238	2353
2353	238
1298	2353
2353	1298
236	2353
2353	236
1443	2353
2353	1443
807	2353
2353	807
1535	2353
2353	1535
691	2353
2353	691
75	2773
2773	75
1301	2353
2353	1301
866	2773
2773	866
1184	2353
2353	1184
1881	2353
2353	1881
1501	2353
2353	1501
1644	2773
2773	1644
1585	2353
2353	1585
1951	2353
2353	1951
1340	2353
2353	1340
1109	2413
2413	1109
1937	2353
2353	1937
1901	2353
2353	1901
219	2413
2413	219
2217	2353
2353	2217
970	2397
2397	970
1602	2353
2353	1602
2056	2353
2353	2056
1864	2518
2518	1864
2277	2353
2353	2277
1150	2353
2353	1150
886	2413
2413	886
2140	2413
2413	2140
823	2353
2353	823
1074	2413
2413	1074
48	2353
2353	48
1230	2353
2353	1230
1389	2353
2353	1389
1004	2353
2353	1004
948	2353
2353	948
899	2353
2353	899
279	2353
2353	279
319	2518
2518	319
628	2353
2353	628
574	2353
2353	574
1271	2413
2413	1271
93	2353
2353	93
1574	2353
2353	1574
1072	2353
2353	1072
956	2353
2353	956
1613	2353
2353	1613
1232	2353
2353	1232
1164	2353
2353	1164
1706	2353
2353	1706
2310	2356
2356	2310
1405	2353
2353	1405
2109	2353
2353	2109
465	2477
2477	465
1516	2353
2353	1516
687	2353
2353	687
775	2353
2353	775
1890	2353
2353	1890
1469	2353
2353	1469
913	2353
2353	913
1335	2413
2413	1335
1932	2353
2353	1932
2074	2353
2353	2074
449	2353
2353	449
2219	2413
2413	2219
2000	2353
2353	2000
2057	2353
2353	2057
1428	2353
2353	1428
748	2353
2353	748
1537	2413
2413	1537
1593	2477
2477	1593
107	2353
2353	107
1265	2353
2353	1265
1310	2353
2353	1310
804	2353
2353	804
866	2413
2413	866
1306	2397
2397	1306
2128	2353
2353	2128
17	2353
2353	17
2091	2353
2353	2091
153	2353
2353	153
2216	2413
2413	2216
548	2413
2413	548
91	2353
2353	91
1648	2353
2353	1648
2180	2477
2477	2180
19	2356
2356	19
265	2353
2353	265
488	2353
2353	488
808	2353
2353	808
772	3044
3044	772
1041	2353
2353	1041
1942	2376
2376	1942
1986	2353
2353	1986
2012	2353
2353	2012
2299	2353
2353	2299
1607	2353
2353	1607
1141	2353
2353	1141
518	2413
2413	518
1229	2353
2353	1229
1236	2353
2353	1236
1557	2353
2353	1557
527	2353
2353	527
1727	2413
2413	1727
1542	2773
2773	1542
1320	2353
2353	1320
1600	2353
2353	1600
1517	2353
2353	1517
711	2353
2353	711
1826	2353
2353	1826
1944	2353
2353	1944
2266	2353
2353	2266
1240	2477
2477	1240
760	2376
2376	760
2055	2353
2353	2055
2123	2353
2353	2123
1364	2413
2413	1364
2089	2413
2413	2089
201	2353
2353	201
256	2353
2353	256
1793	2353
2353	1793
285	2353
2353	285
199	2353
2353	199
1329	2353
2353	1329
1869	2353
2353	1869
465	2353
2353	465
22	2353
2353	22
935	2353
2353	935
1250	2353
2353	1250
1055	2413
2413	1055
498	2376
2376	498
579	2353
2353	579
2149	2353
2353	2149
1208	2353
2353	1208
1483	2353
2353	1483
891	2353
2353	891
1120	2353
2353	1120
1938	2353
2353	1938
1371	2353
2353	1371
221	2353
2353	221
227	2413
2413	227
2229	2353
2353	2229
1508	2477
2477	1508
963	2353
2353	963
35	2477
2477	35
1407	2397
2397	1407
490	2353
2353	490
540	2353
2353	540
1775	2353
2353	1775
2130	2353
2353	2130
1426	2397
2397	1426
1094	2353
2353	1094
353	2397
2397	353
1277	2397
2397	1277
848	2353
2353	848
1461	2353
2353	1461
1860	2518
2518	1860
493	2353
2353	493
859	2353
2353	859
401	2413
2413	401
869	2353
2353	869
2261	2353
2353	2261
1457	2353
2353	1457
255	2353
2353	255
1527	2353
2353	1527
2116	2353
2353	2116
1861	2413
2413	1861
1970	2353
2353	1970
1553	2376
2376	1553
390	2376
2376	390
927	2353
2353	927
1606	2477
2477	1606
812	2353
2353	812
237	2353
2353	237
1540	2413
2413	1540
13	2353
2353	13
127	2353
2353	127
1300	2353
2353	1300
270	2353
2353	270
1274	2356
2356	1274
1475	2353
2353	1475
1181	2353
2353	1181
1611	2353
2353	1611
164	3044
3044	164
296	2353
2353	296
162	2353
2353	162
1974	2353
2353	1974
1958	2353
2353	1958
1657	2353
2353	1657
547	2353
2353	547
1663	2353
2353	1663
1623	2413
2413	1623
1102	2353
2353	1102
1883	2353
2353	1883
692	2353
2353	692
1098	2353
2353	1098
32	2353
2353	32
1065	2353
2353	1065
217	2353
2353	217
1430	2353
2353	1430
116	2376
2376	116
1003	2353
2353	1003
1849	2353
2353	1849
679	2376
2376	679
777	2353
2353	777
1117	2353
2353	1117
42	2353
2353	42
1730	2413
2413	1730
836	2353
2353	836
678	2397
2397	678
1213	2353
2353	1213
1402	2353
2353	1402
505	2397
2397	505
827	2353
2353	827
1548	2397
2397	1548
1916	2353
2353	1916
1999	2353
2353	1999
399	2353
2353	399
2083	2353
2353	2083
1345	2397
2397	1345
2082	2353
2353	2082
641	2353
2353	641
2327	2353
2353	2327
2269	2353
2353	2269
855	2353
2353	855
1723	2413
2413	1723
2223	2353
2353	2223
328	2518
2518	328
1401	2413
2413	1401
406	2773
2773	406
1610	2413
2413	1610
55	2353
2353	55
867	2353
2353	867
1299	2353
2353	1299
1365	2413
2413	1365
2033	2353
2353	2033
942	2353
2353	942
865	2353
2353	865
1990	2353
2353	1990
597	2413
2413	597
969	2353
2353	969
1909	2413
2413	1909
1940	2353
2353	1940
742	2353
2353	742
1115	2353
2353	1115
1996	2353
2353	1996
452	2353
2353	452
1811	2353
2353	1811
663	2353
2353	663
1609	2353
2353	1609
923	2353
2353	923
485	2353
2353	485
1247	2353
2353	1247
40	2353
2353	40
815	2376
2376	815
1652	2413
2413	1652
1391	2353
2353	1391
1720	2353
2353	1720
1246	2773
2773	1246
833	2353
2353	833
626	2353
2353	626
213	2353
2353	213
2136	2353
2353	2136
1490	2353
2353	1490
263	2353
2353	263
406	2376
2376	406
620	2353
2353	620
2340	2353
2353	2340
1806	2353
2353	1806
764	2353
2353	764
205	2518
2518	205
980	2353
2353	980
630	2353
2353	630
1815	2353
2353	1815
99	2353
2353	99
1808	2353
2353	1808
10	2353
2353	10
136	2353
2353	136
723	2353
2353	723
2063	2353
2353	2063
1009	2773
2773	1009
892	2353
2353	892
364	2353
2353	364
