509	2398
2398	509
733	2361
2361	733
1458	2361
2361	1458
1592	2361
2361	1592
101	2362
2362	101
911	2398
2398	911
199	2398
2398	199
311	2404
2404	311
1608	2361
2361	1608
179	2361
2361	179
1194	2378
2378	1194
1802	2565
2565	1802
121	2361
2361	121
279	2350
2350	279
473	2361
2361	473
2201	2350
2350	2201
2281	2362
2362	2281
1116	2398
2398	1116
2107	2361
2361	2107
445	2371
2371	445
2064	2361
2361	2064
649	2350
2350	649
1999	2361
2361	1999
354	2460
2460	354
1998	2354
2354	1998
38	2361
2361	38
1580	2386
2386	1580
176	2398
2398	176
118	2468
2468	118
1443	2361
2361	1443
2031	2361
2361	2031
1573	2797
2797	1573
1379	2378
2378	1379
243	2350
2350	243
1695	2361
2361	1695
989	2350
2350	989
2245	2465
2465	2245
2111	2361
2361	2111
762	2350
2350	762
274	2362
2362	274
1418	2398
2398	1418
1139	2371
2371	1139
1480	2460
2460	1480
980	2350
2350	980
1781	2410
2410	1781
1895	2404
2404	1895
2157	2398
2398	2157
162	2367
2367	162
2141	2361
2361	2141
1989	2367
2367	1989
1644	2350
2350	1644
2158	2398
2398	2158
1063	2361
2361	1063
627	2354
2354	627
2220	2460
2460	2220
2174	2354
2354	2174
1595	2465
2465	1595
396	2361
2361	396
356	2350
2350	356
184	2361
2361	184
575	2465
2465	575
491	2386
2386	491
188	2565
2565	188
272	2371
2371	272
282	2361
2361	282
1628	2371
2371	1628
1542	2368
2368	1542
1691	2350
2350	1691
994	2404
2404	994
916	2361
2361	916
1043	2403
2403	1043
2035	2398
2398	2035
1030	2350
2350	1030
1730	2371
2371	1730
631	2362
2362	631
502	2350
2350	502
1969	2404
2404	1969
2058	2350
2350	2058
988	2375
2375	988
409	2362
2362	409
470	2350
2350	470
2272	2404
2404	2272
75	2386
2386	75
1894	2361
2361	1894
165	2375
2375	165
1938	2350
2350	1938
2312	2350
2350	2312
19	2386
2386	19
1951	2367
2367	1951
197	2386
2386	197
437	2565
2565	437
391	2404
2404	391
85	2361
2361	85
1374	2350
2350	1374
1321	2361
2361	1321
859	2350
2350	859
22	2398
2398	22
646	2565
2565	646
1931	2350
2350	1931
464	2350
2350	464
1586	2468
2468	1586
1176	2371
2371	1176
2206	2468
2468	2206
979	2404
2404	979
463	2350
2350	463
84	2404
2404	84
1212	2354
2354	1212
1976	2404
2404	1976
2167	2390
2390	2167
855	2368
2368	855
845	2368
2368	845
1619	2378
2378	1619
793	2398
2398	793
646	2361
2361	646
191	2368
2368	191
214	2398
2398	214
2215	2404
2404	2215
2023	2375
2375	2023
1647	2361
2361	1647
856	2460
2460	856
2068	2361
2361	2068
281	2350
2350	281
831	2361
2361	831
1535	2371
2371	1535
1652	2350
2350	1652
1096	2361
2361	1096
208	2371
2371	208
1094	2390
2390	1094
1270	2390
2390	1270
51	2361
2361	51
1230	2378
2378	1230
940	2403
2403	940
582	2350
2350	582
1356	2371
2371	1356
673	2361
2361	673
2230	2378
2378	2230
555	2362
2362	555
559	2404
2404	559
429	2403
2403	429
1538	2465
2465	1538
1650	2398
2398	1650
2220	2378
2378	2220
939	2361
2361	939
1413	2710
2710	1413
1783	2403
2403	1783
713	2404
2404	713
356	2361
2361	356
1471	2404
2404	1471
2209	2361
2361	2209
1312	2350
2350	1312
1986	2378
2378	1986
1025	2465
2465	1025
824	2350
2350	824
1830	2386
2386	1830
1668	2350
2350	1668
1716	2361
2361	1716
1179	2410
2410	1179
553	2404
2404	553
1255	2350
2350	1255
1729	2468
2468	1729
2090	2361
2361	2090
622	2375
2375	622
394	2361
2361	394
2075	2465
2465	2075
717	2367
2367	717
1891	2361
2361	1891
1198	2367
2367	1198
541	2390
2390	541
611	2361
2361	611
1274	2371
2371	1274
2154	2362
2362	2154
314	2371
2371	314
2004	2350
2350	2004
1870	2350
2350	1870
1959	2386
2386	1959
334	2565
2565	334
1774	2404
2404	1774
1865	2367
2367	1865
97	2465
2465	97
1036	2362
2362	1036
1467	2350
2350	1467
60	2565
2565	60
1383	2386
2386	1383
1968	2375
2375	1968
2185	2468
2468	2185
1450	2404
2404	1450
1321	2350
2350	1321
1919	2398
2398	1919
774	2361
2361	774
1914	2361
2361	1914
111	2367
2367	111
2261	2378
2378	2261
924	2361
2361	924
1936	2350
2350	1936
1654	2404
2404	1654
887	2371
2371	887
429	2361
2361	429
88	2574
2574	88
1949	2468
2468	1949
1965	2361
2361	1965
1649	2350
2350	1649
2162	2398
2398	2162
576	2371
2371	576
749	2404
2404	749
793	2367
2367	793
868	2361
2361	868
452	2361
2361	452
839	2465
2465	839
388	2350
2350	388
1827	2361
2361	1827
413	2350
2350	413
551	2361
2361	551
1613	2350
2350	1613
1079	2361
2361	1079
83	2350
2350	83
123	2404
2404	123
2326	2468
2468	2326
1793	2410
2410	1793
1730	2367
2367	1730
1548	2368
2368	1548
961	2361
2361	961
1082	2404
2404	1082
751	2565
2565	751
1634	2410
2410	1634
1799	2361
2361	1799
942	2386
2386	942
1159	2361
2361	1159
1127	2362
2362	1127
1144	2378
2378	1144
1608	2468
2468	1608
190	2362
2362	190
1647	2378
2378	1647
627	2361
2361	627
884	2350
2350	884
1201	2378
2378	1201
1770	2367
2367	1770
1508	2361
2361	1508
385	2350
2350	385
1177	2378
2378	1177
1199	2367
2367	1199
620	2362
2362	620
192	2350
2350	192
1361	2371
2371	1361
1067	2367
2367	1067
503	2350
2350	503
2085	2361
2361	2085
1105	2361
2361	1105
290	2375
2375	290
373	2361
2361	373
1502	2404
2404	1502
1372	2367
2367	1372
1737	2375
2375	1737
885	2404
2404	885
555	2404
2404	555
1058	2371
2371	1058
1279	2361
2361	1279
2185	2350
2350	2185
447	2378
2378	447
564	2361
2361	564
2248	2398
2398	2248
1861	2465
2465	1861
1406	2350
2350	1406
1684	2350
2350	1684
1985	2404
2404	1985
2217	2378
2378	2217
1510	2404
2404	1510
1284	2361
2361	1284
2093	2710
2710	2093
1014	2574
2574	1014
53	2404
2404	53
640	2361
2361	640
629	2375
2375	629
1060	2361
2361	1060
2015	2367
2367	2015
1349	2386
2386	1349
323	2404
2404	323
1851	2361
2361	1851
2317	2350
2350	2317
1530	2468
2468	1530
198	2378
2378	198
1549	2403
2403	1549
1056	2350
2350	1056
842	2465
2465	842
1513	2404
2404	1513
2002	2350
2350	2002
160	2465
2465	160
455	2468
2468	455
1343	2565
2565	1343
510	2361
2361	510
1732	2386
2386	1732
1365	2371
2371	1365
354	2386
2386	354
2021	2350
2350	2021
135	2468
2468	135
1342	2350
2350	1342
1129	2465
2465	1129
2118	2390
2390	2118
284	2362
2362	284
808	2350
2350	808
1375	2404
2404	1375
141	2465
2465	141
398	2378
2378	398
1489	2362
2362	1489
286	2361
2361	286
1372	2361
2361	1372
907	2378
2378	907
270	2361
2361	270
165	2410
2410	165
1994	2361
2361	1994
2212	2371
2371	2212
96	2362
2362	96
1167	2710
2710	1167
5	2378
2378	5
1631	2371
2371	1631
215	2361
2361	215
50	2361
2361	50
1988	2367
2367	1988
2191	2367
2367	2191
1950	2361
2361	1950
2023	2361
2361	2023
375	2350
2350	375
4	2350
2350	4
160	2371
2371	160
2079	2361
2361	2079
749	2361
2361	749
146	2350
2350	146
1053	2350
2350	1053
246	2361
2361	246
694	2398
2398	694
424	2367
2367	424
228	2710
2710	228
2044	2398
2398	2044
1612	2468
2468	1612
823	2378
2378	823
2163	2361
2361	2163
1953	2367
2367	1953
1853	2361
2361	1853
155	2378
2378	155
983	2371
2371	983
593	2390
2390	593
527	2361
2361	527
543	2404
2404	543
1641	2404
2404	1641
21	2361
2361	21
1813	2350
2350	1813
1537	2350
2350	1537
512	2710
2710	512
2333	2398
2398	2333
1001	2371
2371	1001
1751	2410
2410	1751
1104	2361
2361	1104
1790	2386
2386	1790
1275	2350
2350	1275
648	2403
2403	648
233	2361
2361	233
129	2367
2367	129
2015	2350
2350	2015
1359	2362
2362	1359
1743	2350
2350	1743
1714	2361
2361	1714
1833	2350
2350	1833
1698	2371
2371	1698
1387	2371
2371	1387
1300	2361
2361	1300
469	2565
2565	469
1178	2350
2350	1178
589	2460
2460	589
929	2404
2404	929
2119	2390
2390	2119
1385	2371
2371	1385
1569	2378
2378	1569
430	2404
2404	430
1964	2350
2350	1964
1739	2465
2465	1739
557	2404
2404	557
2269	2350
2350	2269
844	2565
2565	844
1510	2350
2350	1510
1618	2350
2350	1618
2081	2361
2361	2081
1888	2361
2361	1888
2187	2350
2350	2187
2278	2350
2350	2278
848	2361
2361	848
376	2350
2350	376
1990	2367
2367	1990
1920	2468
2468	1920
134	2361
2361	134
894	2371
2371	894
2011	2361
2361	2011
913	2350
2350	913
586	2361
2361	586
365	2361
2361	365
185	2361
2361	185
1512	2398
2398	1512
444	2367
2367	444
26	2404
2404	26
1639	2565
2565	1639
1439	2350
2350	1439
2025	2350
2350	2025
1229	2386
2386	1229
2121	2375
2375	2121
797	2404
2404	797
168	2565
2565	168
1111	2404
2404	1111
1925	2350
2350	1925
1419	2354
2354	1419
1885	2378
2378	1885
631	2465
2465	631
752	2361
2361	752
719	2386
2386	719
1892	2371
2371	1892
670	2350
2350	670
909	2404
2404	909
1927	2404
2404	1927
1962	2350
2350	1962
1399	2350
2350	1399
1442	2565
2565	1442
725	2465
2465	725
398	2371
2371	398
1521	2371
2371	1521
1997	2367
2367	1997
2194	2361
2361	2194
2242	2404
2404	2242
1106	2378
2378	1106
388	2404
2404	388
1842	2361
2361	1842
2323	2710
2710	2323
921	2367
2367	921
1617	2386
2386	1617
504	2465
2465	504
653	2361
2361	653
981	2362
2362	981
1361	2386
2386	1361
579	2350
2350	579
2311	2361
2361	2311
1932	2371
2371	1932
160	2361
2361	160
1948	2375
2375	1948
2076	2361
2361	2076
2013	2361
2361	2013
103	2378
2378	103
338	2362
2362	338
1062	2367
2367	1062
2168	2468
2468	2168
970	2404
2404	970
395	2378
2378	395
438	2404
2404	438
951	2404
2404	951
2155	2361
2361	2155
469	2403
2403	469
2061	2398
2398	2061
606	2362
2362	606
2148	2354
2354	2148
1678	2371
2371	1678
464	2361
2361	464
565	2404
2404	565
128	2361
2361	128
2318	2362
2362	2318
2324	2361
2361	2324
2029	2350
2350	2029
381	2367
2367	381
292	2361
2361	292
2125	2350
2350	2125
1034	2350
2350	1034
2132	2350
2350	2132
126	2361
2361	126
326	2361
2361	326
1946	2361
2361	1946
1762	2362
2362	1762
595	2361
2361	595
492	2378
2378	492
2139	2361
2361	2139
26	2350
2350	26
1861	2361
2361	1861
1337	2361
2361	1337
1552	2403
2403	1552
542	2362
2362	542
424	2398
2398	424
396	2375
2375	396
704	2398
2398	704
33	2361
2361	33
1115	2465
2465	1115
807	2350
2350	807
581	2371
2371	581
2337	2468
2468	2337
1358	2367
2367	1358
1518	2465
2465	1518
1995	2350
2350	1995
7	2350
2350	7
348	2378
2378	348
572	2404
2404	572
629	2361
2361	629
1312	2404
2404	1312
1333	2361
2361	1333
2005	2361
2361	2005
498	2404
2404	498
2124	2378
2378	2124
219	2404
2404	219
1214	2371
2371	1214
2257	2375
2375	2257
1099	2797
2797	1099
2192	2465
2465	2192
313	2378
2378	313
2040	2367
2367	2040
249	2371
2371	249
98	2403
2403	98
298	2350
2350	298
1165	2350
2350	1165
189	2350
2350	189
1740	2403
2403	1740
221	2371
2371	221
1809	2354
2354	1809
1522	2468
2468	1522
1256	2797
2797	1256
1603	2350
2350	1603
307	2465
2465	307
1844	2565
2565	1844
1410	2361
2361	1410
1215	2460
2460	1215
626	2390
2390	626
787	2361
2361	787
2011	2371
2371	2011
1747	2350
2350	1747
1304	2361
2361	1304
1245	2378
2378	1245
329	2361
2361	329
2157	2468
2468	2157
289	2371
2371	289
1047	2465
2465	1047
528	2350
2350	528
2211	2350
2350	2211
1044	2350
2350	1044
113	2468
2468	113
1903	2361
2361	1903
6	2371
2371	6
865	2354
2354	865
1943	2361
2361	1943
745	2350
2350	745
1145	2371
2371	1145
1240	2378
2378	1240
14	2350
2350	14
1101	2404
2404	1101
345	2350
2350	345
2101	2361
2361	2101
2032	2386
2386	2032
1046	2361
2361	1046
1909	2404
2404	1909
2142	2371
2371	2142
1992	2371
2371	1992
1217	2350
2350	1217
1386	2361
2361	1386
2109	2367
2367	2109
1853	2378
2378	1853
1311	2404
2404	1311
1862	2354
2354	1862
2329	2468
2468	2329
1073	2350
2350	1073
1652	2460
2460	1652
2043	2465
2465	2043
200	2386
2386	200
2272	2367
2367	2272
1494	2361
2361	1494
1436	2361
2361	1436
564	2404
2404	564
481	2361
2361	481
775	2468
2468	775
712	2364
2364	712
1876	2465
2465	1876
2336	2398
2398	2336
892	2465
2465	892
1573	2361
2361	1573
2293	2371
2371	2293
1718	2361
2361	1718
1615	2350
2350	1615
12	2404
2404	12
1679	2361
2361	1679
738	2565
2565	738
689	2404
2404	689
1850	2404
2404	1850
1501	2350
2350	1501
2077	2350
2350	2077
1804	2371
2371	1804
2051	2361
2361	2051
0	2386
2386	0
1568	2350
2350	1568
1906	2371
2371	1906
953	2404
2404	953
638	2371
2371	638
1084	2371
2371	1084
985	2410
2410	985
1123	2465
2465	1123
1867	2375
2375	1867
155	2361
2361	155
759	2565
2565	759
471	2565
2565	471
432	2404
2404	432
1205	2378
2378	1205
336	2361
2361	336
1373	2361
2361	1373
1556	2350
2350	1556
280	2361
2361	280
703	2410
2410	703
2148	2350
2350	2148
867	2574
2574	867
795	2410
2410	795
2	2350
2350	2
807	2710
2710	807
742	2350
2350	742
1852	2565
2565	1852
24	2565
2565	24
2203	2465
2465	2203
285	2378
2378	285
325	2361
2361	325
2331	2361
2361	2331
1344	2350
2350	1344
1379	2367
2367	1379
1726	2371
2371	1726
1858	2361
2361	1858
902	2354
2354	902
330	2710
2710	330
803	2465
2465	803
273	2350
2350	273
1139	2354
2354	1139
255	2468
2468	255
995	2398
2398	995
1619	2386
2386	1619
1014	2371
2371	1014
1326	2404
2404	1326
309	2361
2361	309
1687	2371
2371	1687
955	2361
2361	955
902	2465
2465	902
561	2350
2350	561
329	2404
2404	329
1812	2361
2361	1812
1017	2404
2404	1017
1147	2354
2354	1147
175	2361
2361	175
2022	2361
2361	2022
161	2350
2350	161
1817	2361
2361	1817
1928	2404
2404	1928
207	2350
2350	207
1648	2367
2367	1648
1933	2361
2361	1933
1925	2354
2354	1925
604	2361
2361	604
867	2375
2375	867
1825	2362
2362	1825
862	2361
2361	862
1340	2371
2371	1340
1757	2574
2574	1757
1453	2468
2468	1453
360	2361
2361	360
49	2378
2378	49
1193	2460
2460	1193
591	2378
2378	591
1519	2398
2398	1519
1156	2361
2361	1156
2099	2350
2350	2099
74	2361
2361	74
109	2362
2362	109
145	2361
2361	145
1924	2398
2398	1924
450	2710
2710	450
1090	2465
2465	1090
1095	2350
2350	1095
333	2361
2361	333
680	2368
2368	680
1959	2350
2350	1959
495	2350
2350	495
1400	2361
2361	1400
168	2350
2350	168
1500	2468
2468	1500
1855	2371
2371	1855
2259	2350
2350	2259
2067	2404
2404	2067
1897	2350
2350	1897
767	2403
2403	767
459	2350
2350	459
100	2361
2361	100
2085	2404
2404	2085
1	2367
2367	1
2212	2378
2378	2212
253	2403
2403	253
142	2350
2350	142
1643	2362
2362	1643
1761	2350
2350	1761
998	2468
2468	998
1254	2465
2465	1254
2212	2367
2367	2212
1780	2361
2361	1780
1430	2371
2371	1430
2334	2398
2398	2334
1298	2398
2398	1298
1110	2350
2350	1110
2099	2361
2361	2099
1025	2371
2371	1025
2190	2367
2367	2190
1829	2361
2361	1829
144	2350
2350	144
2186	2371
2371	2186
30	2404
2404	30
337	2350
2350	337
1727	2367
2367	1727
590	2378
2378	590
1477	2378
2378	1477
280	2404
2404	280
2036	2361
2361	2036
431	2378
2378	431
1824	2350
2350	1824
1004	2371
2371	1004
1007	2565
2565	1007
879	2398
2398	879
1309	2468
2468	1309
1127	2468
2468	1127
227	2361
2361	227
286	2574
2574	286
1064	2350
2350	1064
1460	2398
2398	1460
608	2403
2403	608
143	2361
2361	143
778	2465
2465	778
1182	2361
2361	1182
1150	2367
2367	1150
1541	2350
2350	1541
956	2361
2361	956
742	2361
2361	742
547	2361
2361	547
249	2367
2367	249
1996	2375
2375	1996
200	2350
2350	200
2041	2361
2361	2041
1444	2350
2350	1444
1133	2468
2468	1133
56	2361
2361	56
866	2361
2361	866
661	2404
2404	661
158	2565
2565	158
1164	2367
2367	1164
876	2371
2371	876
1350	2361
2361	1350
262	2350
2350	262
505	2361
2361	505
1195	2390
2390	1195
1783	2565
2565	1783
182	2361
2361	182
385	2361
2361	385
211	2350
2350	211
81	2565
2565	81
2020	2362
2362	2020
1468	2371
2371	1468
1344	2386
2386	1344
1805	2386
2386	1805
1354	2361
2361	1354
1515	2361
2361	1515
1220	2361
2361	1220
1994	2565
2565	1994
454	2354
2354	454
574	2565
2565	574
753	2398
2398	753
898	2350
2350	898
32	2386
2386	32
311	2361
2361	311
1213	2398
2398	1213
1541	2361
2361	1541
333	2565
2565	333
1492	2361
2361	1492
1894	2404
2404	1894
435	2361
2361	435
1580	2350
2350	1580
1570	2398
2398	1570
2333	2367
2367	2333
1754	2350
2350	1754
754	2375
2375	754
2050	2361
2361	2050
1835	2460
2460	1835
1020	2350
2350	1020
830	2565
2565	830
525	2350
2350	525
1597	2361
2361	1597
803	2367
2367	803
1532	2468
2468	1532
2034	2361
2361	2034
601	2361
2361	601
1826	2361
2361	1826
587	2350
2350	587
967	2398
2398	967
818	2361
2361	818
750	2367
2367	750
1218	2361
2361	1218
1681	2403
2403	1681
688	2361
2361	688
2317	2371
2371	2317
853	2386
2386	853
2003	2390
2390	2003
1600	2354
2354	1600
590	2390
2390	590
239	2398
2398	239
1624	2350
2350	1624
1904	2362
2362	1904
1819	2574
2574	1819
363	2350
2350	363
580	2465
2465	580
698	2565
2565	698
1936	2404
2404	1936
900	2398
2398	900
1835	2386
2386	1835
3	2350
2350	3
90	2367
2367	90
2016	2378
2378	2016
524	2398
2398	524
433	2361
2361	433
76	2403
2403	76
942	2361
2361	942
2172	2403
2403	2172
807	2404
2404	807
1197	2378
2378	1197
1609	2468
2468	1609
177	2350
2350	177
162	2371
2371	162
2091	2390
2390	2091
1619	2460
2460	1619
1774	2390
2390	1774
1927	2350
2350	1927
1149	2350
2350	1149
287	2350
2350	287
2312	2368
2368	2312
630	2350
2350	630
685	2350
2350	685
2145	2404
2404	2145
614	2390
2390	614
1395	2350
2350	1395
103	2367
2367	103
1614	2350
2350	1614
748	2403
2403	748
1207	2367
2367	1207
1265	2375
2375	1265
930	2361
2361	930
814	2460
2460	814
1268	2362
2362	1268
2157	2465
2465	2157
2124	2390
2390	2124
995	2378
2378	995
222	2404
2404	222
724	2350
2350	724
1341	2361
2361	1341
36	2361
2361	36
1713	2398
2398	1713
643	2354
2354	643
2113	2367
2367	2113
106	2398
2398	106
860	2367
2367	860
2339	2468
2468	2339
345	2378
2378	345
753	2350
2350	753
181	2371
2371	181
365	2378
2378	365
925	2350
2350	925
1857	2361
2361	1857
1800	2465
2465	1800
1412	2404
2404	1412
1355	2367
2367	1355
2094	2375
2375	2094
133	2350
2350	133
2067	2350
2350	2067
620	2797
2797	620
387	2361
2361	387
1624	2465
2465	1624
583	2350
2350	583
602	2361
2361	602
92	2350
2350	92
777	2362
2362	777
557	2350
2350	557
1614	2398
2398	1614
556	2362
2362	556
1442	2368
2368	1442
1902	2361
2361	1902
112	2404
2404	112
959	2404
2404	959
1178	2378
2378	1178
2183	2350
2350	2183
312	2350
2350	312
1965	2354
2354	1965
2017	2371
2371	2017
2183	2371
2371	2183
1677	2465
2465	1677
1358	2371
2371	1358
1301	2371
2371	1301
315	2350
2350	315
1258	2361
2361	1258
1808	2350
2350	1808
1157	2398
2398	1157
1553	2350
2350	1553
1804	2465
2465	1804
466	2565
2565	466
1976	2368
2368	1976
2152	2710
2710	2152
1637	2378
2378	1637
136	2350
2350	136
488	2361
2361	488
855	2361
2361	855
623	2354
2354	623
579	2404
2404	579
391	2361
2361	391
10	2361
2361	10
1623	2350
2350	1623
1534	2398
2398	1534
2112	2350
2350	2112
1556	2371
2371	1556
1663	2465
2465	1663
227	2404
2404	227
1363	2350
2350	1363
1314	2378
2378	1314
2143	2367
2367	2143
1045	2361
2361	1045
1347	2371
2371	1347
585	2378
2378	585
332	2565
2565	332
2332	2367
2367	2332
2189	2371
2371	2189
734	2350
2350	734
713	2350
2350	713
297	2404
2404	297
718	2350
2350	718
943	2361
2361	943
1168	2386
2386	1168
1546	2367
2367	1546
2163	2375
2375	2163
1062	2460
2460	1062
936	2361
2361	936
932	2350
2350	932
1570	2465
2465	1570
1292	2350
2350	1292
1383	2361
2361	1383
980	2468
2468	980
1188	2361
2361	1188
539	2361
2361	539
797	2361
2361	797
2066	2350
2350	2066
1643	2468
2468	1643
1372	2378
2378	1372
434	2350
2350	434
2078	2361
2361	2078
2159	2468
2468	2159
1015	2350
2350	1015
2227	2361
2361	2227
170	2404
2404	170
1175	2350
2350	1175
1362	2350
2350	1362
686	2361
2361	686
1409	2350
2350	1409
1701	2367
2367	1701
1486	2404
2404	1486
1836	2361
2361	1836
1637	2404
2404	1637
1855	2362
2362	1855
567	2404
2404	567
1854	2375
2375	1854
1408	2565
2565	1408
206	2350
2350	206
1349	2367
2367	1349
425	2350
2350	425
2315	2375
2375	2315
1196	2390
2390	1196
1048	2398
2398	1048
1496	2361
2361	1496
1773	2361
2361	1773
344	2362
2362	344
784	2362
2362	784
1082	2350
2350	1082
804	2350
2350	804
1931	2404
2404	1931
405	2350
2350	405
2128	2350
2350	2128
1793	2361
2361	1793
1683	2398
2398	1683
1105	2390
2390	1105
1840	2361
2361	1840
324	2350
2350	324
1918	2354
2354	1918
1790	2350
2350	1790
626	2378
2378	626
1280	2404
2404	1280
2117	2350
2350	2117
411	2362
2362	411
1080	2350
2350	1080
0	2367
2367	0
2010	2371
2371	2010
1348	2367
2367	1348
1844	2350
2350	1844
1122	2465
2465	1122
1222	2350
2350	1222
1998	2361
2361	1998
2062	2350
2350	2062
778	2361
2361	778
1119	2465
2465	1119
498	2361
2361	498
1735	2361
2361	1735
399	2350
2350	399
1496	2404
2404	1496
1594	2350
2350	1594
1389	2367
2367	1389
1473	2361
2361	1473
2204	2362
2362	2204
2167	2350
2350	2167
1260	2361
2361	1260
1660	2362
2362	1660
962	2404
2404	962
1696	2404
2404	1696
1351	2350
2350	1351
501	2350
2350	501
44	2361
2361	44
1635	2367
2367	1635
1232	2367
2367	1232
757	2378
2378	757
960	2367
2367	960
2274	2371
2371	2274
483	2361
2361	483
1289	2350
2350	1289
1593	2350
2350	1593
729	2404
2404	729
226	2404
2404	226
2277	2468
2468	2277
632	2368
2368	632
2314	2361
2361	2314
698	2367
2367	698
101	2361
2361	101
1381	2404
2404	1381
2096	2362
2362	2096
989	2378
2378	989
423	2350
2350	423
1027	2361
2361	1027
260	2350
2350	260
296	2361
2361	296
171	2350
2350	171
1326	2361
2361	1326
1376	2361
2361	1376
2042	2460
2460	2042
426	2364
2364	426
2153	2367
2367	2153
539	2350
2350	539
859	2710
2710	859
2301	2403
2403	2301
2045	2350
2350	2045
1018	2350
2350	1018
1335	2368
2368	1335
441	2390
2390	441
1432	2361
2361	1432
2243	2398
2398	2243
1866	2710
2710	1866
1752	2350
2350	1752
1342	2354
2354	1342
1246	2361
2361	1246
1428	2350
2350	1428
408	2367
2367	408
881	2361
2361	881
2034	2710
2710	2034
2004	2361
2361	2004
645	2361
2361	645
975	2378
2378	975
1912	2350
2350	1912
477	2404
2404	477
975	2350
2350	975
22	2362
2362	22
2009	2371
2371	2009
198	2361
2361	198
2063	2404
2404	2063
2166	2367
2367	2166
862	2404
2404	862
1014	2410
2410	1014
877	2371
2371	877
2059	2350
2350	2059
2346	2361
2361	2346
1796	2710
2710	1796
516	2350
2350	516
1013	2361
2361	1013
10	2574
2574	10
1468	2361
2361	1468
1151	2350
2350	1151
1449	2350
2350	1449
2116	2410
2410	2116
1352	2361
2361	1352
880	2361
2361	880
600	2361
2361	600
1246	2367
2367	1246
2084	2403
2403	2084
808	2354
2354	808
1323	2371
2371	1323
114	2404
2404	114
820	2403
2403	820
1358	2361
2361	1358
2265	2361
2361	2265
1311	2386
2386	1311
155	2350
2350	155
525	2378
2378	525
3	2404
2404	3
1702	2371
2371	1702
66	2390
2390	66
1093	2390
2390	1093
104	2350
2350	104
2252	2386
2386	2252
1355	2371
2371	1355
2303	2350
2350	2303
485	2378
2378	485
2175	2465
2465	2175
1411	2565
2565	1411
580	2362
2362	580
1314	2367
2367	1314
2109	2375
2375	2109
1362	2361
2361	1362
1012	2361
2361	1012
148	2386
2386	148
857	2350
2350	857
1966	2361
2361	1966
1309	2398
2398	1309
524	2468
2468	524
1228	2460
2460	1228
416	2386
2386	416
2018	2371
2371	2018
1697	2361
2361	1697
562	2350
2350	562
1157	2468
2468	1157
372	2361
2361	372
339	2350
2350	339
526	2361
2361	526
806	2361
2361	806
463	2375
2375	463
2249	2410
2410	2249
1462	2398
2398	1462
1001	2468
2468	1001
762	2404
2404	762
299	2350
2350	299
2214	2710
2710	2214
540	2350
2350	540
1551	2465
2465	1551
1908	2403
2403	1908
1882	2350
2350	1882
1183	2350
2350	1183
382	2460
2460	382
1145	2410
2410	1145
2221	2350
2350	2221
1290	2350
2350	1290
2146	2375
2375	2146
1283	2404
2404	1283
1831	2465
2465	1831
1711	2465
2465	1711
1167	2378
2378	1167
621	2797
2797	621
1896	2362
2362	1896
1769	2367
2367	1769
1500	2398
2398	1500
2284	2361
2361	2284
1278	2350
2350	1278
306	2404
2404	306
594	2367
2367	594
186	2361
2361	186
482	2386
2386	482
1815	2350
2350	1815
807	2361
2361	807
1164	2361
2361	1164
716	2350
2350	716
213	2361
2361	213
1501	2468
2468	1501
1460	2465
2465	1460
325	2371
2371	325
1525	2386
2386	1525
915	2378
2378	915
428	2398
2398	428
2021	2361
2361	2021
1626	2350
2350	1626
1472	2350
2350	1472
176	2371
2371	176
1210	2404
2404	1210
931	2361
2361	931
1091	2404
2404	1091
1143	2468
2468	1143
2030	2398
2398	2030
1600	2361
2361	1600
1782	2468
2468	1782
1171	2367
2367	1171
128	2404
2404	128
1960	2361
2361	1960
1465	2367
2367	1465
1771	2361
2361	1771
854	2361
2361	854
610	2361
2361	610
934	2361
2361	934
636	2398
2398	636
1919	2386
2386	1919
1468	2362
2362	1468
2120	2350
2350	2120
1716	2390
2390	1716
695	2378
2378	695
2315	2565
2565	2315
711	2375
2375	711
358	2404
2404	358
1721	2350
2350	1721
1373	2404
2404	1373
386	2378
2378	386
659	2361
2361	659
2234	2398
2398	2234
894	2367
2367	894
1847	2350
2350	1847
2032	2361
2361	2032
1319	2350
2350	1319
494	2465
2465	494
1061	2361
2361	1061
2039	2565
2565	2039
925	2361
2361	925
522	2565
2565	522
2292	2468
2468	2292
1560	2404
2404	1560
1814	2361
2361	1814
1774	2350
2350	1774
418	2404
2404	418
1767	2361
2361	1767
105	2371
2371	105
1084	2354
2354	1084
1099	2361
2361	1099
833	2350
2350	833
864	2361
2361	864
2044	2468
2468	2044
111	2398
2398	111
997	2404
2404	997
545	2350
2350	545
1089	2350
2350	1089
551	2404
2404	551
237	2378
2378	237
154	2404
2404	154
1779	2361
2361	1779
1850	2362
2362	1850
1291	2468
2468	1291
2268	2350
2350	2268
1510	2361
2361	1510
2182	2468
2468	2182
1410	2404
2404	1410
107	2350
2350	107
2202	2460
2460	2202
2118	2361
2361	2118
445	2361
2361	445
1002	2371
2371	1002
1265	2361
2361	1265
2215	2361
2361	2215
830	2710
2710	830
932	2361
2361	932
1244	2468
2468	1244
386	2367
2367	386
1928	2350
2350	1928
1198	2362
2362	1198
1507	2350
2350	1507
1540	2361
2361	1540
602	2350
2350	602
353	2361
2361	353
1220	2460
2460	1220
835	2361
2361	835
1190	2361
2361	1190
588	2350
2350	588
1504	2361
2361	1504
36	2565
2565	36
1375	2361
2361	1375
849	2574
2574	849
1615	2386
2386	1615
1020	2361
2361	1020
64	2361
2361	64
1572	2361
2361	1572
793	2350
2350	793
2228	2367
2367	2228
10	2565
2565	10
425	2386
2386	425
91	2371
2371	91
2072	2403
2403	2072
2342	2350
2350	2342
2149	2465
2465	2149
1852	2403
2403	1852
620	2361
2361	620
1193	2361
2361	1193
1210	2350
2350	1210
715	2361
2361	715
2287	2350
2350	2287
1478	2361
2361	1478
597	2468
2468	597
622	2361
2361	622
1407	2361
2361	1407
1425	2574
2574	1425
1706	2404
2404	1706
123	2565
2565	123
8	2468
2468	8
639	2350
2350	639
239	2371
2371	239
1591	2361
2361	1591
738	2361
2361	738
376	2398
2398	376
1130	2468
2468	1130
1307	2361
2361	1307
1136	2468
2468	1136
1778	2361
2361	1778
1102	2375
2375	1102
701	2361
2361	701
1511	2710
2710	1511
2190	2371
2371	2190
704	2367
2367	704
1962	2710
2710	1962
1567	2350
2350	1567
1200	2378
2378	1200
1278	2378
2378	1278
298	2403
2403	298
1629	2371
2371	1629
1772	2350
2350	1772
461	2350
2350	461
1063	2350
2350	1063
303	2371
2371	303
1755	2398
2398	1755
2113	2371
2371	2113
1016	2361
2361	1016
612	2371
2371	612
728	2468
2468	728
1348	2460
2460	1348
1768	2367
2367	1768
2334	2468
2468	2334
706	2797
2797	706
761	2361
2361	761
535	2375
2375	535
2320	2390
2390	2320
2135	2361
2361	2135
783	2361
2361	783
605	2361
2361	605
1213	2350
2350	1213
1932	2465
2465	1932
818	2565
2565	818
180	2465
2465	180
1013	2350
2350	1013
1632	2362
2362	1632
953	2361
2361	953
1567	2404
2404	1567
1746	2468
2468	1746
389	2378
2378	389
586	2410
2410	586
566	2350
2350	566
336	2350
2350	336
920	2386
2386	920
903	2404
2404	903
204	2350
2350	204
1176	2350
2350	1176
578	2465
2465	578
222	2361
2361	222
1132	2465
2465	1132
310	2465
2465	310
87	2404
2404	87
1333	2565
2565	1333
621	2361
2361	621
1627	2362
2362	1627
2131	2367
2367	2131
1019	2404
2404	1019
354	2378
2378	354
496	2367
2367	496
139	2367
2367	139
9	2378
2378	9
1955	2465
2465	1955
1602	2362
2362	1602
571	2361
2361	571
309	2354
2354	309
2116	2350
2350	2116
829	2361
2361	829
1987	2350
2350	1987
2223	2371
2371	2223
841	2404
2404	841
256	2361
2361	256
683	2361
2361	683
349	2361
2361	349
1952	2350
2350	1952
1391	2710
2710	1391
684	2404
2404	684
651	2371
2371	651
78	2361
2361	78
1653	2368
2368	1653
2213	2361
2361	2213
11	2371
2371	11
1426	2465
2465	1426
115	2465
2465	115
1770	2398
2398	1770
1852	2710
2710	1852
382	2398
2398	382
905	2350
2350	905
1958	2362
2362	1958
1012	2350
2350	1012
1617	2350
2350	1617
269	2367
2367	269
1806	2361
2361	1806
486	2398
2398	486
1445	2378
2378	1445
777	2465
2465	777
1075	2404
2404	1075
2275	2468
2468	2275
1379	2390
2390	1379
670	2361
2361	670
1795	2361
2361	1795
829	2350
2350	829
1744	2398
2398	1744
661	2350
2350	661
1879	2390
2390	1879
544	2404
2404	544
141	2362
2362	141
1692	2350
2350	1692
1291	2465
2465	1291
1102	2361
2361	1102
1142	2468
2468	1142
1734	2350
2350	1734
1440	2371
2371	1440
458	2361
2361	458
1712	2361
2361	1712
1691	2404
2404	1691
605	2350
2350	605
1845	2367
2367	1845
2188	2371
2371	2188
300	2465
2465	300
346	2361
2361	346
1637	2350
2350	1637
641	2465
2465	641
744	2350
2350	744
235	2404
2404	235
684	2361
2361	684
158	2574
2574	158
1602	2465
2465	1602
1164	2350
2350	1164
1659	2361
2361	1659
1918	2361
2361	1918
614	2404
2404	614
885	2361
2361	885
1212	2362
2362	1212
84	2361
2361	84
1575	2367
2367	1575
2119	2404
2404	2119
1106	2390
2390	1106
1415	2398
2398	1415
963	2404
2404	963
130	2361
2361	130
1648	2361
2361	1648
840	2350
2350	840
781	2398
2398	781
427	2361
2361	427
438	2368
2368	438
2053	2354
2354	2053
1026	2465
2465	1026
379	2403
2403	379
1678	2361
2361	1678
687	2361
2361	687
137	2361
2361	137
1885	2350
2350	1885
1187	2361
2361	1187
1163	2378
2378	1163
1144	2367
2367	1144
2262	2404
2404	2262
1528	2350
2350	1528
1517	2468
2468	1517
906	2371
2371	906
1423	2350
2350	1423
2195	2404
2404	2195
2285	2404
2404	2285
683	2350
2350	683
883	2378
2378	883
936	2350
2350	936
928	2361
2361	928
1910	2361
2361	1910
262	2404
2404	262
822	2350
2350	822
169	2404
2404	169
2015	2371
2371	2015
972	2350
2350	972
1340	2367
2367	1340
541	2350
2350	541
337	2361
2361	337
2035	2361
2361	2035
833	2361
2361	833
1198	2386
2386	1198
587	2378
2378	587
212	2404
2404	212
99	2362
2362	99
1898	2386
2386	1898
474	2362
2362	474
242	2367
2367	242
2141	2404
2404	2141
1845	2398
2398	1845
1680	2565
2565	1680
1815	2361
2361	1815
354	2367
2367	354
395	2386
2386	395
403	2404
2404	403
1039	2361
2361	1039
744	2361
2361	744
400	2350
2350	400
1320	2350
2350	1320
81	2403
2403	81
847	2465
2465	847
1865	2371
2371	1865
2040	2386
2386	2040
1179	2378
2378	1179
454	2361
2361	454
966	2371
2371	966
666	2797
2797	666
1867	2361
2361	1867
2306	2361
2361	2306
332	2361
2361	332
1570	2371
2371	1570
1589	2350
2350	1589
663	2710
2710	663
1693	2350
2350	1693
1276	2565
2565	1276
197	2404
2404	197
1561	2465
2465	1561
1669	2354
2354	1669
843	2371
2371	843
355	2361
2361	355
236	2361
2361	236
1512	2367
2367	1512
2307	2367
2367	2307
1171	2398
2398	1171
1417	2361
2361	1417
618	2367
2367	618
512	2350
2350	512
98	2565
2565	98
1087	2361
2361	1087
561	2362
2362	561
1598	2361
2361	1598
1378	2371
2371	1378
1546	2371
2371	1546
82	2361
2361	82
1106	2361
2361	1106
279	2404
2404	279
907	2350
2350	907
197	2390
2390	197
1164	2378
2378	1164
626	2710
2710	626
1357	2350
2350	1357
901	2361
2361	901
607	2361
2361	607
125	2371
2371	125
1121	2465
2465	1121
1980	2386
2386	1980
1799	2465
2465	1799
25	2361
2361	25
1075	2361
2361	1075
1098	2361
2361	1098
1577	2361
2361	1577
374	2465
2465	374
1965	2797
2797	1965
135	2465
2465	135
1948	2361
2361	1948
1143	2386
2386	1143
1733	2361
2361	1733
1711	2371
2371	1711
392	2371
2371	392
2061	2361
2361	2061
1142	2386
2386	1142
1698	2367
2367	1698
1787	2361
2361	1787
167	2361
2361	167
247	2404
2404	247
1970	2361
2361	1970
1990	2460
2460	1990
367	2362
2362	367
618	2378
2378	618
95	2361
2361	95
960	2371
2371	960
1087	2565
2565	1087
195	2468
2468	195
1364	2367
2367	1364
2328	2350
2350	2328
1942	2361
2361	1942
802	2361
2361	802
1518	2362
2362	1518
170	2350
2350	170
2129	2350
2350	2129
1009	2465
2465	1009
1666	2378
2378	1666
1865	2460
2460	1865
590	2350
2350	590
1104	2404
2404	1104
2149	2361
2361	2149
2299	2465
2465	2299
1565	2468
2468	1565
1097	2375
2375	1097
1555	2350
2350	1555
546	2797
2797	546
1463	2398
2398	1463
1239	2350
2350	1239
779	2361
2361	779
1625	2398
2398	1625
1724	2403
2403	1724
381	2378
2378	381
1460	2410
2410	1460
662	2403
2403	662
2302	2350
2350	2302
851	2361
2361	851
1365	2468
2468	1365
1775	2375
2375	1775
1338	2361
2361	1338
1828	2350
2350	1828
1321	2368
2368	1321
2046	2468
2468	2046
1808	2378
2378	1808
499	2362
2362	499
1250	2350
2350	1250
1015	2361
2361	1015
1089	2398
2398	1089
598	2404
2404	598
439	2465
2465	439
1986	2350
2350	1986
1690	2361
2361	1690
1713	2350
2350	1713
443	2410
2410	443
731	2350
2350	731
1373	2350
2350	1373
174	2361
2361	174
877	2386
2386	877
434	2404
2404	434
906	2350
2350	906
66	2378
2378	66
2007	2371
2371	2007
546	2361
2361	546
1712	2565
2565	1712
2343	2367
2367	2343
1558	2361
2361	1558
433	2404
2404	433
1946	2465
2465	1946
578	2350
2350	578
285	2367
2367	285
442	2710
2710	442
1646	2361
2361	1646
1238	2350
2350	1238
1310	2361
2361	1310
2121	2403
2403	2121
1287	2404
2404	1287
1492	2350
2350	1492
1719	2465
2465	1719
1229	2361
2361	1229
1486	2361
2361	1486
224	2710
2710	224
2181	2404
2404	2181
2132	2367
2367	2132
1245	2367
2367	1245
57	2361
2361	57
1477	2350
2350	1477
512	2361
2361	512
94	2378
2378	94
1308	2350
2350	1308
1775	2361
2361	1775
801	2465
2465	801
969	2361
2361	969
2214	2404
2404	2214
689	2350
2350	689
2209	2410
2410	2209
1006	2368
2368	1006
1400	2350
2350	1400
1226	2361
2361	1226
1026	2361
2361	1026
2167	2404
2404	2167
1451	2404
2404	1451
140	2350
2350	140
664	2364
2364	664
932	2404
2404	932
1193	2378
2378	1193
1393	2361
2361	1393
1386	2367
2367	1386
665	2361
2361	665
1705	2361
2361	1705
1298	2350
2350	1298
999	2371
2371	999
1399	2404
2404	1399
2133	2403
2403	2133
1198	2460
2460	1198
2052	2361
2361	2052
273	2398
2398	273
567	2361
2361	567
1868	2465
2465	1868
526	2465
2465	526
726	2375
2375	726
240	2371
2371	240
39	2350
2350	39
2024	2404
2404	2024
1419	2350
2350	1419
1987	2367
2367	1987
2075	2398
2398	2075
1713	2386
2386	1713
407	2362
2362	407
1036	2361
2361	1036
2289	2361
2361	2289
218	2361
2361	218
569	2404
2404	569
2235	2367
2367	2235
11	2367
2367	11
2232	2468
2468	2232
2124	2404
2404	2124
2171	2368
2368	2171
758	2367
2367	758
1661	2350
2350	1661
255	2465
2465	255
1028	2361
2361	1028
169	2361
2361	169
873	2350
2350	873
2130	2361
2361	2130
515	2371
2371	515
159	2350
2350	159
63	2710
2710	63
517	2350
2350	517
2318	2465
2465	2318
480	2465
2465	480
453	2465
2465	453
1527	2465
2465	1527
2126	2350
2350	2126
700	2398
2398	700
538	2404
2404	538
1528	2390
2390	1528
1534	2468
2468	1534
991	2361
2361	991
2008	2378
2378	2008
2291	2350
2350	2291
75	2367
2367	75
301	2398
2398	301
2231	2460
2460	2231
2270	2468
2468	2270
241	2404
2404	241
709	2371
2371	709
1227	2398
2398	1227
1443	2350
2350	1443
1145	2367
2367	1145
1921	2361
2361	1921
1161	2371
2371	1161
20	2361
2361	20
1165	2398
2398	1165
1008	2404
2404	1008
1	2378
2378	1
882	2361
2361	882
1590	2468
2468	1590
1768	2386
2386	1768
1064	2361
2361	1064
1475	2468
2468	1475
1568	2398
2398	1568
1623	2404
2404	1623
1879	2410
2410	1879
132	2361
2361	132
361	2361
2361	361
566	2404
2404	566
1521	2367
2367	1521
137	2404
2404	137
37	2386
2386	37
1367	2350
2350	1367
1616	2350
2350	1616
2120	2378
2378	2120
1623	2354
2354	1623
537	2350
2350	537
2189	2398
2398	2189
985	2404
2404	985
2205	2361
2361	2205
847	2361
2361	847
1610	2350
2350	1610
1251	2386
2386	1251
1935	2361
2361	1935
1115	2362
2362	1115
1467	2354
2354	1467
1753	2371
2371	1753
594	2460
2460	594
1677	2362
2362	1677
1406	2361
2361	1406
1172	2386
2386	1172
591	2390
2390	591
1435	2367
2367	1435
1909	2350
2350	1909
1182	2465
2465	1182
372	2410
2410	372
1670	2361
2361	1670
229	2350
2350	229
1602	2361
2361	1602
483	2404
2404	483
821	2465
2465	821
2269	2468
2468	2269
1366	2350
2350	1366
1435	2371
2371	1435
1241	2361
2361	1241
178	2361
2361	178
2045	2386
2386	2045
1656	2350
2350	1656
982	2361
2361	982
1873	2361
2361	1873
487	2404
2404	487
1175	2378
2378	1175
1527	2468
2468	1527
305	2350
2350	305
1295	2404
2404	1295
1085	2362
2362	1085
449	2468
2468	449
1183	2710
2710	1183
708	2371
2371	708
887	2367
2367	887
1133	2465
2465	1133
639	2371
2371	639
1622	2350
2350	1622
1680	2361
2361	1680
1052	2367
2367	1052
271	2350
2350	271
1264	2361
2361	1264
913	2378
2378	913
232	2367
2367	232
882	2350
2350	882
2266	2468
2468	2266
909	2378
2378	909
425	2398
2398	425
245	2371
2371	245
156	2404
2404	156
899	2565
2565	899
1207	2410
2410	1207
763	2368
2368	763
1559	2361
2361	1559
2237	2361
2361	2237
1721	2404
2404	1721
1954	2468
2468	1954
1450	2350
2350	1450
1530	2398
2398	1530
1261	2354
2354	1261
978	2350
2350	978
1776	2361
2361	1776
1219	2468
2468	1219
378	2361
2361	378
2259	2361
2361	2259
870	2350
2350	870
1605	2350
2350	1605
1038	2350
2350	1038
529	2361
2361	529
1038	2361
2361	1038
504	2386
2386	504
1174	2378
2378	1174
856	2350
2350	856
1650	2468
2468	1650
1397	2404
2404	1397
1536	2375
2375	1536
1478	2350
2350	1478
1457	2371
2371	1457
1537	2361
2361	1537
637	2350
2350	637
2135	2350
2350	2135
99	2361
2361	99
2345	2361
2361	2345
1585	2350
2350	1585
2074	2350
2350	2074
1370	2350
2350	1370
1797	2361
2361	1797
2297	2404
2404	2297
291	2350
2350	291
2135	2367
2367	2135
1341	2378
2378	1341
1040	2350
2350	1040
1116	2350
2350	1116
1966	2367
2367	1966
704	2371
2371	704
909	2350
2350	909
2230	2368
2368	2230
1566	2350
2350	1566
2231	2368
2368	2231
1000	2368
2368	1000
2038	2350
2350	2038
2217	2367
2367	2217
1695	2404
2404	1695
595	2367
2367	595
1277	2361
2361	1277
1856	2390
2390	1856
1710	2361
2361	1710
169	2468
2468	169
1571	2404
2404	1571
919	2378
2378	919
785	2361
2361	785
1435	2350
2350	1435
2247	2361
2361	2247
577	2350
2350	577
1676	2465
2465	1676
2184	2468
2468	2184
294	2350
2350	294
446	2398
2398	446
369	2361
2361	369
1062	2378
2378	1062
2247	2362
2362	2247
947	2465
2465	947
1200	2460
2460	1200
444	2404
2404	444
2289	2404
2404	2289
1328	2386
2386	1328
1506	2398
2398	1506
817	2361
2361	817
760	2361
2361	760
1683	2350
2350	1683
1166	2350
2350	1166
1237	2350
2350	1237
1204	2378
2378	1204
2260	2350
2350	2260
330	2361
2361	330
1989	2378
2378	1989
1671	2361
2361	1671
205	2361
2361	205
1388	2367
2367	1388
805	2398
2398	805
164	2361
2361	164
1409	2361
2361	1409
477	2350
2350	477
342	2350
2350	342
1675	2465
2465	1675
1004	2390
2390	1004
2264	2361
2361	2264
1972	2361
2361	1972
1186	2404
2404	1186
2182	2398
2398	2182
943	2404
2404	943
1802	2361
2361	1802
1120	2465
2465	1120
1343	2404
2404	1343
697	2361
2361	697
1669	2404
2404	1669
1674	2362
2362	1674
1562	2362
2362	1562
265	2710
2710	265
711	2361
2361	711
1330	2398
2398	1330
2343	2460
2460	2343
1735	2350
2350	1735
120	2361
2361	120
1860	2465
2465	1860
1038	2404
2404	1038
472	2361
2361	472
583	2378
2378	583
1233	2404
2404	1233
438	2361
2361	438
142	2361
2361	142
819	2404
2404	819
1001	2367
2367	1001
1403	2361
2361	1403
658	2386
2386	658
484	2468
2468	484
2307	2371
2371	2307
1388	2371
2371	1388
1937	2350
2350	1937
1748	2361
2361	1748
146	2460
2460	146
2003	2361
2361	2003
2340	2465
2465	2340
1393	2710
2710	1393
2028	2361
2361	2028
384	2350
2350	384
424	2378
2378	424
698	2375
2375	698
1142	2350
2350	1142
29	2404
2404	29
279	2410
2410	279
1926	2403
2403	1926
2074	2361
2361	2074
1733	2404
2404	1733
2233	2350
2350	2233
506	2361
2361	506
1838	2565
2565	1838
1129	2468
2468	1129
242	2361
2361	242
1105	2404
2404	1105
1382	2378
2378	1382
903	2362
2362	903
250	2371
2371	250
2119	2350
2350	2119
513	2361
2361	513
1987	2362
2362	1987
1047	2350
2350	1047
785	2404
2404	785
345	2367
2367	345
876	2465
2465	876
2298	2468
2468	2298
2292	2398
2398	2292
343	2404
2404	343
1196	2361
2361	1196
1680	2404
2404	1680
312	2361
2361	312
1633	2361
2361	1633
539	2404
2404	539
274	2404
2404	274
2238	2350
2350	2238
1419	2371
2371	1419
902	2398
2398	902
1887	2465
2465	1887
907	2386
2386	907
1258	2350
2350	1258
416	2460
2460	416
595	2378
2378	595
1893	2350
2350	1893
878	2404
2404	878
304	2378
2378	304
2283	2404
2404	2283
1921	2350
2350	1921
1993	2367
2367	1993
1390	2398
2398	1390
2164	2410
2410	2164
1571	2350
2350	1571
2190	2398
2398	2190
1232	2378
2378	1232
1078	2403
2403	1078
1325	2367
2367	1325
1643	2465
2465	1643
2201	2362
2362	2201
355	2350
2350	355
638	2361
2361	638
211	2367
2367	211
826	2465
2465	826
736	2350
2350	736
1234	2404
2404	1234
1507	2398
2398	1507
1145	2350
2350	1145
1989	2368
2368	1989
1539	2361
2361	1539
283	2362
2362	283
2088	2361
2361	2088
184	2354
2354	184
1585	2390
2390	1585
424	2386
2386	424
1883	2350
2350	1883
100	2371
2371	100
700	2361
2361	700
1392	2710
2710	1392
709	2390
2390	709
1652	2367
2367	1652
368	2403
2403	368
308	2350
2350	308
1055	2710
2710	1055
617	2361
2361	617
314	2378
2378	314
680	2386
2386	680
1234	2350
2350	1234
1764	2350
2350	1764
903	2361
2361	903
2228	2371
2371	2228
922	2361
2361	922
172	2361
2361	172
465	2367
2367	465
1283	2350
2350	1283
984	2361
2361	984
2317	2398
2398	2317
69	2375
2375	69
705	2361
2361	705
2000	2361
2361	2000
666	2465
2465	666
779	2350
2350	779
201	2361
2361	201
1254	2404
2404	1254
614	2350
2350	614
920	2367
2367	920
699	2398
2398	699
754	2361
2361	754
494	2362
2362	494
154	2361
2361	154
1484	2361
2361	1484
1498	2368
2368	1498
1090	2398
2398	1090
1161	2367
2367	1161
602	2368
2368	602
1499	2404
2404	1499
2305	2361
2361	2305
865	2350
2350	865
2321	2350
2350	2321
667	2797
2797	667
528	2378
2378	528
1285	2368
2368	1285
46	2403
2403	46
2153	2361
2361	2153
1784	2361
2361	1784
312	2404
2404	312
1991	2350
2350	1991
2176	2404
2404	2176
2211	2386
2386	2211
1648	2404
2404	1648
90	2386
2386	90
2125	2361
2361	2125
412	2367
2367	412
1359	2350
2350	1359
709	2350
2350	709
1616	2361
2361	1616
684	2375
2375	684
242	2410
2410	242
1280	2361
2361	1280
952	2361
2361	952
1960	2710
2710	1960
958	2350
2350	958
286	2410
2410	286
536	2350
2350	536
84	2350
2350	84
1466	2403
2403	1466
1841	2361
2361	1841
1509	2386
2386	1509
1693	2404
2404	1693
86	2361
2361	86
2054	2465
2465	2054
1181	2378
2378	1181
633	2404
2404	633
2087	2350
2350	2087
772	2468
2468	772
538	2390
2390	538
604	2565
2565	604
1033	2361
2361	1033
2017	2361
2361	2017
623	2350
2350	623
403	2367
2367	403
347	2371
2371	347
1919	2361
2361	1919
872	2361
2361	872
2053	2361
2361	2053
2105	2468
2468	2105
181	2361
2361	181
1200	2367
2367	1200
1489	2465
2465	1489
2027	2361
2361	2027
1376	2350
2350	1376
1620	2404
2404	1620
613	2404
2404	613
1287	2350
2350	1287
1630	2371
2371	1630
1053	2361
2361	1053
1706	2465
2465	1706
2093	2350
2350	2093
642	2403
2403	642
1014	2361
2361	1014
790	2398
2398	790
1692	2404
2404	1692
421	2361
2361	421
1005	2371
2371	1005
543	2361
2361	543
70	2361
2361	70
1180	2386
2386	1180
1154	2371
2371	1154
1281	2350
2350	1281
712	2398
2398	712
763	2403
2403	763
1715	2367
2367	1715
1247	2468
2468	1247
68	2361
2361	68
475	2361
2361	475
1807	2371
2371	1807
1597	2350
2350	1597
1576	2361
2361	1576
1112	2565
2565	1112
1533	2468
2468	1533
238	2371
2371	238
284	2350
2350	284
2274	2468
2468	2274
2042	2404
2404	2042
58	2350
2350	58
912	2371
2371	912
1652	2386
2386	1652
677	2361
2361	677
1476	2398
2398	1476
2014	2350
2350	2014
845	2403
2403	845
1057	2350
2350	1057
633	2361
2361	633
1782	2465
2465	1782
2256	2361
2361	2256
267	2361
2361	267
727	2410
2410	727
459	2364
2364	459
1141	2371
2371	1141
1197	2386
2386	1197
2272	2410
2410	2272
1543	2361
2361	1543
2055	2361
2361	2055
1606	2465
2465	1606
2160	2386
2386	2160
1941	2350
2350	1941
828	2350
2350	828
97	2375
2375	97
1318	2468
2468	1318
2002	2404
2404	2002
1770	2460
2460	1770
1127	2398
2398	1127
1856	2361
2361	1856
2162	2468
2468	2162
663	2403
2403	663
1438	2371
2371	1438
2063	2350
2350	2063
321	2362
2362	321
2125	2354
2354	2125
458	2350
2350	458
25	2367
2367	25
1491	2350
2350	1491
2293	2367
2367	2293
949	2375
2375	949
632	2361
2361	632
1221	2350
2350	1221
908	2361
2361	908
1584	2361
2361	1584
371	2371
2371	371
1353	2350
2350	1353
2062	2710
2710	2062
1126	2468
2468	1126
1548	2404
2404	1548
1877	2350
2350	1877
1828	2362
2362	1828
2048	2367
2367	2048
1360	2362
2362	1360
1425	2404
2404	1425
161	2378
2378	161
2155	2404
2404	2155
1596	2350
2350	1596
2278	2371
2371	2278
884	2361
2361	884
1255	2362
2362	1255
72	2350
2350	72
815	2361
2361	815
223	2361
2361	223
2083	2354
2354	2083
532	2375
2375	532
1807	2468
2468	1807
821	2362
2362	821
1117	2350
2350	1117
751	2361
2361	751
1956	2350
2350	1956
1538	2398
2398	1538
1837	2350
2350	1837
695	2367
2367	695
1990	2350
2350	1990
514	2361
2361	514
1913	2460
2460	1913
1529	2350
2350	1529
448	2403
2403	448
109	2465
2465	109
768	2350
2350	768
1128	2465
2465	1128
2153	2371
2371	2153
965	2350
2350	965
108	2361
2361	108
729	2350
2350	729
1041	2404
2404	1041
756	2367
2367	756
2249	2350
2350	2249
875	2361
2361	875
1535	2375
2375	1535
71	2404
2404	71
1888	2362
2362	1888
1254	2362
2362	1254
746	2361
2361	746
1186	2386
2386	1186
823	2367
2367	823
604	2404
2404	604
152	2361
2361	152
1682	2361
2361	1682
1131	2468
2468	1131
2205	2465
2465	2205
695	2404
2404	695
2090	2350
2350	2090
1556	2410
2410	1556
844	2354
2354	844
1330	2350
2350	1330
736	2398
2398	736
1006	2404
2404	1006
698	2361
2361	698
2314	2350
2350	2314
2070	2390
2390	2070
1512	2371
2371	1512
806	2350
2350	806
111	2378
2378	111
1178	2367
2367	1178
210	2361
2361	210
560	2361
2361	560
2091	2350
2350	2091
606	2361
2361	606
1224	2350
2350	1224
766	2350
2350	766
662	2710
2710	662
1242	2361
2361	1242
441	2367
2367	441
1498	2350
2350	1498
1292	2386
2386	1292
577	2354
2354	577
2114	2404
2404	2114
28	2371
2371	28
972	2378
2378	972
1290	2404
2404	1290
492	2350
2350	492
1725	2350
2350	1725
1918	2797
2797	1918
1429	2350
2350	1429
1744	2350
2350	1744
1339	2368
2368	1339
685	2361
2361	685
393	2361
2361	393
97	2371
2371	97
1052	2371
2371	1052
424	2460
2460	424
217	2350
2350	217
1545	2350
2350	1545
2127	2378
2378	2127
1291	2361
2361	1291
2056	2350
2350	2056
1495	2367
2367	1495
1337	2386
2386	1337
1335	2361
2361	1335
1736	2403
2403	1736
560	2404
2404	560
404	2361
2361	404
1889	2350
2350	1889
581	2465
2465	581
295	2350
2350	295
2319	2404
2404	2319
1704	2378
2378	1704
780	2404
2404	780
322	2350
2350	322
852	2361
2361	852
1229	2378
2378	1229
1657	2361
2361	1657
338	2361
2361	338
1234	2361
2361	1234
494	2371
2371	494
1220	2386
2386	1220
743	2361
2361	743
1770	2371
2371	1770
1452	2362
2362	1452
1482	2371
2371	1482
152	2565
2565	152
1430	2350
2350	1430
8	2350
2350	8
32	2350
2350	32
148	2378
2378	148
2324	2565
2565	2324
196	2350
2350	196
1428	2361
2361	1428
651	2398
2398	651
1759	2350
2350	1759
671	2361
2361	671
746	2386
2386	746
1519	2371
2371	1519
2239	2361
2361	2239
798	2465
2465	798
1236	2386
2386	1236
1756	2367
2367	1756
453	2361
2361	453
2089	2565
2565	2089
2197	2361
2361	2197
690	2361
2361	690
1971	2410
2410	1971
2045	2378
2378	2045
712	2460
2460	712
613	2361
2361	613
809	2361
2361	809
1066	2350
2350	1066
457	2371
2371	457
1076	2404
2404	1076
2114	2390
2390	2114
251	2361
2361	251
964	2361
2361	964
1879	2350
2350	1879
2123	2386
2386	2123
1664	2375
2375	1664
1490	2404
2404	1490
104	2361
2361	104
1031	2710
2710	1031
751	2574
2574	751
1122	2362
2362	1122
423	2398
2398	423
615	2404
2404	615
1067	2410
2410	1067
567	2362
2362	567
1569	2371
2371	1569
1123	2468
2468	1123
1349	2350
2350	1349
1949	2398
2398	1949
7	2404
2404	7
2078	2350
2350	2078
1550	2361
2361	1550
2116	2378
2378	2116
1108	2371
2371	1108
2242	2361
2361	2242
1246	2386
2386	1246
2012	2371
2371	2012
1747	2468
2468	1747
323	2361
2361	323
676	2371
2371	676
297	2350
2350	297
479	2361
2361	479
1953	2361
2361	1953
2199	2371
2371	2199
1968	2361
2361	1968
1698	2375
2375	1698
78	2350
2350	78
2101	2350
2350	2101
2192	2362
2362	2192
1514	2465
2465	1514
1205	2361
2361	1205
313	2361
2361	313
350	2361
2361	350
1058	2398
2398	1058
31	2465
2465	31
1659	2367
2367	1659
348	2386
2386	348
2328	2390
2390	2328
2016	2350
2350	2016
3	2361
2361	3
1692	2367
2367	1692
376	2361
2361	376
1963	2361
2361	1963
592	2378
2378	592
680	2361
2361	680
292	2404
2404	292
577	2465
2465	577
894	2404
2404	894
2177	2354
2354	2177
692	2403
2403	692
157	2468
2468	157
1605	2404
2404	1605
247	2361
2361	247
1378	2398
2398	1378
1195	2386
2386	1195
1475	2361
2361	1475
149	2367
2367	149
1781	2361
2361	1781
1360	2354
2354	1360
2179	2350
2350	2179
439	2361
2361	439
1098	2368
2368	1098
792	2367
2367	792
2280	2468
2468	2280
2184	2350
2350	2184
1274	2361
2361	1274
1414	2350
2350	1414
248	2398
2398	248
789	2398
2398	789
1922	2367
2367	1922
752	2404
2404	752
1317	2361
2361	1317
259	2350
2350	259
2240	2362
2362	2240
1891	2350
2350	1891
165	2404
2404	165
1554	2361
2361	1554
1579	2361
2361	1579
2208	2361
2361	2208
2178	2350
2350	2178
1981	2367
2367	1981
431	2350
2350	431
1784	2404
2404	1784
1302	2468
2468	1302
2082	2350
2350	2082
2159	2465
2465	2159
244	2350
2350	244
723	2361
2361	723
1161	2386
2386	1161
351	2361
2361	351
1425	2361
2361	1425
203	2350
2350	203
1786	2367
2367	1786
1276	2361
2361	1276
440	2404
2404	440
606	2371
2371	606
147	2386
2386	147
724	2361
2361	724
885	2350
2350	885
2265	2350
2350	2265
1536	2361
2361	1536
1173	2367
2367	1173
741	2350
2350	741
591	2460
2460	591
643	2350
2350	643
2007	2465
2465	2007
790	2367
2367	790
1980	2350
2350	1980
553	2350
2350	553
950	2378
2378	950
131	2354
2354	131
1387	2367
2367	1387
1988	2390
2390	1988
1434	2371
2371	1434
791	2367
2367	791
1563	2565
2565	1563
1600	2465
2465	1600
641	2468
2468	641
719	2361
2361	719
1520	2350
2350	1520
2088	2350
2350	2088
895	2350
2350	895
1269	2350
2350	1269
182	2404
2404	182
2107	2404
2404	2107
1531	2468
2468	1531
1111	2565
2565	1111
757	2361
2361	757
1679	2362
2362	1679
1409	2404
2404	1409
1470	2354
2354	1470
1885	2368
2368	1885
317	2361
2361	317
430	2361
2361	430
263	2350
2350	263
1905	2361
2361	1905
1568	2386
2386	1568
85	2367
2367	85
1864	2361
2361	1864
977	2361
2361	977
145	2565
2565	145
160	2362
2362	160
1838	2390
2390	1838
727	2367
2367	727
823	2350
2350	823
1125	2468
2468	1125
408	2371
2371	408
1700	2371
2371	1700
558	2350
2350	558
851	2465
2465	851
832	2350
2350	832
2137	2361
2361	2137
883	2367
2367	883
2097	2465
2465	2097
1699	2362
2362	1699
1081	2350
2350	1081
1833	2367
2367	1833
2263	2361
2361	2263
62	2350
2350	62
835	2375
2375	835
946	2361
2361	946
231	2465
2465	231
2113	2398
2398	2113
1495	2361
2361	1495
1049	2350
2350	1049
1135	2465
2465	1135
31	2362
2362	31
732	2375
2375	732
1604	2361
2361	1604
486	2404
2404	486
675	2403
2403	675
1525	2468
2468	1525
1121	2468
2468	1121
812	2361
2361	812
93	2350
2350	93
1166	2367
2367	1166
1511	2565
2565	1511
1778	2350
2350	1778
1659	2386
2386	1659
1263	2361
2361	1263
699	2378
2378	699
780	2361
2361	780
828	2354
2354	828
771	2468
2468	771
1752	2468
2468	1752
2092	2465
2465	2092
1603	2368
2368	1603
686	2565
2565	686
937	2403
2403	937
443	2361
2361	443
1580	2367
2367	1580
403	2350
2350	403
1323	2354
2354	1323
376	2386
2386	376
339	2404
2404	339
1607	2468
2468	1607
593	2350
2350	593
264	2371
2371	264
265	2361
2361	265
236	2465
2465	236
1526	2465
2465	1526
1055	2404
2404	1055
73	2361
2361	73
2243	2371
2371	2243
1026	2362
2362	1026
2020	2465
2465	2020
2220	2367
2367	2220
1819	2375
2375	1819
1436	2350
2350	1436
1162	2378
2378	1162
1199	2398
2398	1199
2252	2367
2367	2252
2045	2367
2367	2045
1537	2404
2404	1537
1398	2361
2361	1398
230	2361
2361	230
2307	2398
2398	2307
1456	2361
2361	1456
2200	2403
2403	2200
54	2367
2367	54
2316	2361
2361	2316
55	2350
2350	55
2147	2410
2410	2147
1381	2361
2361	1381
844	2361
2361	844
231	2362
2362	231
216	2378
2378	216
1202	2386
2386	1202
190	2404
2404	190
968	2574
2574	968
1016	2404
2404	1016
1055	2361
2361	1055
722	2361
2361	722
1297	2361
2361	1297
2229	2350
2350	2229
1254	2361
2361	1254
1146	2361
2361	1146
1389	2404
2404	1389
1470	2350
2350	1470
182	2350
2350	182
426	2361
2361	426
1068	2404
2404	1068
50	2350
2350	50
941	2465
2465	941
2225	2371
2371	2225
285	2361
2361	285
1789	2468
2468	1789
2031	2350
2350	2031
515	2354
2354	515
618	2460
2460	618
2299	2367
2367	2299
431	2375
2375	431
252	2403
2403	252
773	2468
2468	773
1044	2404
2404	1044
721	2371
2371	721
1243	2468
2468	1243
1109	2361
2361	1109
589	2350
2350	589
1619	2367
2367	1619
1347	2465
2465	1347
381	2350
2350	381
1621	2361
2361	1621
2132	2410
2410	2132
2230	2460
2460	2230
1132	2468
2468	1132
157	2361
2361	157
1655	2350
2350	1655
1170	2367
2367	1170
2250	2350
2350	2250
1784	2368
2368	1784
1856	2404
2404	1856
996	2371
2371	996
1230	2367
2367	1230
1704	2367
2367	1704
2106	2367
2367	2106
1749	2361
2361	1749
215	2350
2350	215
1	2371
2371	1
1246	2378
2378	1246
2024	2350
2350	2024
734	2386
2386	734
682	2465
2465	682
162	2386
2386	162
2039	2361
2361	2039
775	2362
2362	775
1835	2378
2378	1835
2235	2354
2354	2235
1636	2398
2398	1636
470	2361
2361	470
1973	2398
2398	1973
1380	2361
2361	1380
1694	2361
2361	1694
507	2361
2361	507
1697	2404
2404	1697
588	2710
2710	588
717	2361
2361	717
1152	2378
2378	1152
194	2350
2350	194
2308	2465
2465	2308
27	2361
2361	27
1293	2465
2465	1293
820	2574
2574	820
1618	2378
2378	1618
1923	2350
2350	1923
528	2386
2386	528
2073	2465
2465	2073
2127	2460
2460	2127
1717	2375
2375	1717
2302	2710
2710	2302
504	2371
2371	504
1296	2361
2361	1296
1499	2361
2361	1499
1810	2797
2797	1810
968	2361
2361	968
635	2404
2404	635
1037	2350
2350	1037
214	2371
2371	214
1555	2468
2468	1555
972	2398
2398	972
1349	2460
2460	1349
962	2361
2361	962
1923	2361
2361	1923
2319	2350
2350	2319
542	2371
2371	542
276	2410
2410	276
1468	2354
2354	1468
1384	2410
2410	1384
1982	2361
2361	1982
1700	2367
2367	1700
349	2371
2371	349
294	2361
2361	294
568	2362
2362	568
41	2398
2398	41
941	2398
2398	941
228	2361
2361	228
739	2350
2350	739
1665	2350
2350	1665
594	2378
2378	594
1658	2404
2404	1658
1907	2361
2361	1907
1801	2404
2404	1801
15	2371
2371	15
1786	2371
2371	1786
2085	2362
2362	2085
1042	2350
2350	1042
2261	2386
2386	2261
2041	2710
2710	2041
1844	2361
2361	1844
178	2354
2354	178
1574	2465
2465	1574
139	2371
2371	139
428	2361
2361	428
1985	2386
2386	1985
669	2361
2361	669
1000	2378
2378	1000
271	2410
2410	271
1222	2404
2404	1222
1423	2354
2354	1423
2341	2368
2368	2341
1100	2361
2361	1100
397	2350
2350	397
1503	2361
2361	1503
2047	2350
2350	2047
1168	2367
2367	1168
1803	2361
2361	1803
1788	2403
2403	1788
996	2361
2361	996
617	2404
2404	617
67	2371
2371	67
977	2362
2362	977
43	2371
2371	43
1028	2350
2350	1028
821	2371
2371	821
2334	2350
2350	2334
1854	2361
2361	1854
1203	2378
2378	1203
2208	2565
2565	2208
2065	2361
2361	2065
1964	2361
2361	1964
2333	2378
2378	2333
2293	2361
2361	2293
1206	2364
2364	1206
905	2404
2404	905
1119	2468
2468	1119
1974	2361
2361	1974
1416	2468
2468	1416
959	2386
2386	959
1822	2375
2375	1822
209	2468
2468	209
1676	2362
2362	1676
1797	2350
2350	1797
1660	2404
2404	1660
2067	2386
2386	2067
149	2386
2386	149
188	2361
2361	188
1113	2361
2361	1113
1417	2386
2386	1417
2186	2465
2465	2186
481	2404
2404	481
370	2350
2350	370
933	2350
2350	933
1235	2404
2404	1235
137	2350
2350	137
1745	2361
2361	1745
1160	2404
2404	1160
1089	2367
2367	1089
300	2371
2371	300
1414	2378
2378	1414
2255	2574
2574	2255
2148	2371
2371	2148
1941	2398
2398	1941
591	2386
2386	591
1206	2390
2390	1206
2342	2361
2361	2342
2212	2460
2460	2212
1497	2361
2361	1497
524	2465
2465	524
1457	2465
2465	1457
1396	2367
2367	1396
674	2468
2468	674
888	2361
2361	888
794	2367
2367	794
431	2367
2367	431
272	2465
2465	272
1837	2361
2361	1837
0	2350
2350	0
961	2350
2350	961
944	2350
2350	944
1232	2460
2460	1232
1324	2371
2371	1324
422	2361
2361	422
207	2371
2371	207
1052	2378
2378	1052
2311	2371
2371	2311
199	2367
2367	199
782	2361
2361	782
2128	2354
2354	2128
2255	2375
2375	2255
2083	2361
2361	2083
1003	2404
2404	1003
219	2465
2465	219
96	2371
2371	96
1716	2368
2368	1716
628	2361
2361	628
1438	2350
2350	1438
1557	2361
2361	1557
682	2354
2354	682
1070	2468
2468	1070
594	2386
2386	594
1371	2354
2354	1371
1961	2361
2361	1961
238	2354
2354	238
585	2350
2350	585
961	2398
2398	961
1024	2371
2371	1024
784	2354
2354	784
1408	2361
2361	1408
1170	2361
2361	1170
1768	2350
2350	1768
584	2410
2410	584
235	2350
2350	235
1214	2367
2367	1214
607	2465
2465	607
433	2350
2350	433
1342	2371
2371	1342
843	2361
2361	843
1401	2361
2361	1401
1349	2378
2378	1349
908	2350
2350	908
2265	2404
2404	2265
900	2468
2468	900
1298	2371
2371	1298
1091	2350
2350	1091
48	2361
2361	48
433	2465
2465	433
1882	2361
2361	1882
2300	2403
2403	2300
582	2378
2378	582
2033	2361
2361	2033
1862	2371
2371	1862
1385	2367
2367	1385
1895	2361
2361	1895
71	2350
2350	71
1516	2468
2468	1516
1322	2361
2361	1322
689	2361
2361	689
1220	2350
2350	1220
1542	2403
2403	1542
1651	2375
2375	1651
989	2367
2367	989
166	2350
2350	166
283	2361
2361	283
207	2398
2398	207
1851	2565
2565	1851
2123	2378
2378	2123
576	2361
2361	576
616	2361
2361	616
1609	2362
2362	1609
612	2465
2465	612
487	2361
2361	487
1584	2350
2350	1584
2236	2354
2354	2236
2253	2350
2350	2253
1579	2367
2367	1579
1241	2404
2404	1241
1813	2361
2361	1813
1424	2398
2398	1424
474	2468
2468	474
1412	2361
2361	1412
41	2371
2371	41
1232	2410
2410	1232
2182	2350
2350	2182
1955	2354
2354	1955
432	2361
2361	432
1627	2468
2468	1627
190	2361
2361	190
1260	2371
2371	1260
1041	2350
2350	1041
258	2350
2350	258
1209	2361
2361	1209
119	2361
2361	119
2273	2375
2375	2273
1513	2361
2361	1513
1409	2465
2465	1409
200	2378
2378	200
667	2354
2354	667
1848	2361
2361	1848
626	2350
2350	626
1401	2404
2404	1401
1268	2465
2465	1268
226	2361
2361	226
1846	2465
2465	1846
978	2378
2378	978
481	2375
2375	481
531	2468
2468	531
1079	2404
2404	1079
619	2390
2390	619
1896	2468
2468	1896
1760	2350
2350	1760
1771	2465
2465	1771
2304	2361
2361	2304
664	2378
2378	664
755	2350
2350	755
2086	2361
2361	2086
2207	2361
2361	2207
935	2465
2465	935
757	2386
2386	757
1709	2361
2361	1709
367	2350
2350	367
1811	2367
2367	1811
1500	2465
2465	1500
1910	2350
2350	1910
1377	2361
2361	1377
379	2368
2368	379
981	2468
2468	981
1447	2361
2361	1447
887	2398
2398	887
2183	2468
2468	2183
1346	2361
2361	1346
484	2350
2350	484
2325	2465
2465	2325
2217	2350
2350	2217
2231	2390
2390	2231
1249	2350
2350	1249
708	2361
2361	708
1395	2362
2362	1395
1655	2390
2390	1655
491	2350
2350	491
2054	2361
2361	2054
1146	2350
2350	1146
245	2350
2350	245
1757	2367
2367	1757
920	2371
2371	920
23	2367
2367	23
57	2465
2465	57
1402	2565
2565	1402
1934	2465
2465	1934
558	2361
2361	558
2019	2371
2371	2019
1030	2710
2710	1030
934	2350
2350	934
2156	2398
2398	2156
1738	2465
2465	1738
2058	2361
2361	2058
1345	2361
2361	1345
1461	2371
2371	1461
1777	2375
2375	1777
574	2375
2375	574
2239	2350
2350	2239
2064	2375
2375	2064
2285	2361
2361	2285
619	2350
2350	619
699	2460
2460	699
1652	2378
2378	1652
787	2362
2362	787
360	2350
2350	360
855	2565
2565	855
134	2350
2350	134
944	2386
2386	944
335	2350
2350	335
1739	2565
2565	1739
1191	2361
2361	1191
879	2371
2371	879
2037	2465
2465	2037
1174	2390
2390	1174
2018	2361
2361	2018
2063	2361
2361	2063
1825	2386
2386	1825
1585	2404
2404	1585
1975	2797
2797	1975
472	2350
2350	472
420	2361
2361	420
123	2361
2361	123
161	2404
2404	161
1831	2375
2375	1831
1210	2386
2386	1210
2332	2371
2371	2332
1687	2350
2350	1687
1293	2362
2362	1293
2286	2404
2404	2286
973	2350
2350	973
316	2386
2386	316
1273	2361
2361	1273
348	2390
2390	348
715	2710
2710	715
90	2371
2371	90
2254	2465
2465	2254
846	2361
2361	846
2267	2371
2371	2267
1053	2378
2378	1053
1815	2368
2368	1815
926	2361
2361	926
2293	2398
2398	2293
1064	2367
2367	1064
2313	2361
2361	2313
187	2404
2404	187
563	2361
2361	563
1020	2404
2404	1020
594	2350
2350	594
320	2361
2361	320
654	2361
2361	654
497	2361
2361	497
631	2361
2361	631
681	2361
2361	681
2149	2354
2354	2149
1229	2460
2460	1229
580	2361
2361	580
693	2361
2361	693
1945	2361
2361	1945
544	2375
2375	544
789	2367
2367	789
1229	2367
2367	1229
301	2367
2367	301
1083	2361
2361	1083
1569	2398
2398	1569
979	2361
2361	979
212	2361
2361	212
1217	2371
2371	1217
1216	2361
2361	1216
1873	2350
2350	1873
183	2404
2404	183
1248	2350
2350	1248
608	2361
2361	608
874	2350
2350	874
1003	2465
2465	1003
898	2361
2361	898
1830	2367
2367	1830
120	2465
2465	120
970	2565
2565	970
2008	2460
2460	2008
1996	2404
2404	1996
1870	2362
2362	1870
1051	2350
2350	1051
1985	2350
2350	1985
721	2398
2398	721
380	2468
2468	380
2102	2404
2404	2102
621	2367
2367	621
1306	2361
2361	1306
1689	2361
2361	1689
1912	2378
2378	1912
682	2361
2361	682
678	2361
2361	678
1094	2565
2565	1094
2192	2468
2468	2192
1116	2354
2354	1116
2056	2404
2404	2056
509	2367
2367	509
1063	2404
2404	1063
229	2404
2404	229
2216	2460
2460	2216
1561	2361
2361	1561
1003	2361
2361	1003
2257	2350
2350	2257
2008	2350
2350	2008
1201	2350
2350	1201
2242	2410
2410	2242
369	2404
2404	369
2016	2367
2367	2016
357	2468
2468	357
158	2404
2404	158
1554	2350
2350	1554
1820	2361
2361	1820
1812	2404
2404	1812
877	2367
2367	877
2344	2361
2361	2344
2198	2350
2350	2198
584	2367
2367	584
679	2350
2350	679
1970	2371
2371	1970
1541	2404
2404	1541
2273	2367
2367	2273
2049	2468
2468	2049
2271	2468
2468	2271
1639	2375
2375	1639
181	2465
2465	181
1445	2361
2361	1445
707	2350
2350	707
940	2368
2368	940
183	2350
2350	183
777	2468
2468	777
2103	2468
2468	2103
145	2350
2350	145
1652	2390
2390	1652
638	2710
2710	638
210	2404
2404	210
1001	2398
2398	1001
414	2390
2390	414
1158	2354
2354	1158
2048	2404
2404	2048
0	2378
2378	0
1947	2403
2403	1947
216	2350
2350	216
340	2361
2361	340
1244	2361
2361	1244
1092	2468
2468	1092
2173	2410
2410	2173
74	2404
2404	74
1976	2350
2350	1976
2049	2362
2362	2049
225	2378
2378	225
17	2404
2404	17
254	2361
2361	254
1880	2403
2403	1880
165	2361
2361	165
1870	2361
2361	1870
570	2368
2368	570
1972	2404
2404	1972
324	2361
2361	324
1444	2398
2398	1444
1188	2368
2368	1188
1152	2350
2350	1152
1632	2465
2465	1632
2122	2390
2390	2122
241	2361
2361	241
878	2350
2350	878
1159	2375
2375	1159
2111	2350
2350	2111
493	2361
2361	493
2144	2350
2350	2144
1547	2361
2361	1547
650	2350
2350	650
1098	2390
2390	1098
548	2398
2398	548
224	2361
2361	224
863	2404
2404	863
861	2371
2371	861
409	2350
2350	409
2098	2378
2378	2098
1245	2361
2361	1245
419	2371
2371	419
243	2361
2361	243
1900	2371
2371	1900
1529	2403
2403	1529
1538	2362
2362	1538
1272	2361
2361	1272
1218	2465
2465	1218
838	2404
2404	838
1668	2361
2361	1668
2061	2465
2465	2061
1334	2350
2350	1334
35	2386
2386	35
945	2361
2361	945
1036	2354
2354	1036
428	2362
2362	428
906	2367
2367	906
2158	2468
2468	2158
36	2350
2350	36
220	2354
2354	220
1281	2404
2404	1281
1394	2710
2710	1394
814	2350
2350	814
1	2386
2386	1
1577	2404
2404	1577
1830	2371
2371	1830
1588	2361
2361	1588
605	2404
2404	605
935	2468
2468	935
287	2378
2378	287
1587	2350
2350	1587
54	2361
2361	54
2180	2350
2350	2180
310	2371
2371	310
1898	2371
2371	1898
2297	2350
2350	2297
1459	2468
2468	1459
705	2386
2386	705
531	2465
2465	531
1728	2367
2367	1728
2295	2350
2350	2295
800	2410
2410	800
1647	2367
2367	1647
1327	2468
2468	1327
368	2574
2574	368
1792	2361
2361	1792
1991	2404
2404	1991
17	2361
2361	17
1199	2378
2378	1199
1717	2361
2361	1717
1792	2375
2375	1792
627	2565
2565	627
1838	2361
2361	1838
523	2361
2361	523
1443	2404
2404	1443
2048	2361
2361	2048
2142	2367
2367	2142
1518	2468
2468	1518
116	2361
2361	116
487	2350
2350	487
1094	2361
2361	1094
1666	2350
2350	1666
195	2465
2465	195
1176	2378
2378	1176
188	2404
2404	188
268	2361
2361	268
734	2404
2404	734
36	2404
2404	36
1900	2354
2354	1900
1565	2350
2350	1565
1282	2350
2350	1282
756	2371
2371	756
2175	2361
2361	2175
455	2350
2350	455
338	2350
2350	338
1685	2404
2404	1685
1780	2350
2350	1780
476	2361
2361	476
28	2398
2398	28
983	2367
2367	983
129	2371
2371	129
99	2465
2465	99
115	2468
2468	115
791	2371
2371	791
2235	2371
2371	2235
1208	2398
2398	1208
2097	2362
2362	2097
1148	2398
2398	1148
1200	2386
2386	1200
348	2460
2460	348
1924	2468
2468	1924
1509	2361
2361	1509
2133	2368
2368	2133
1980	2378
2378	1980
1167	2361
2361	1167
1211	2350
2350	1211
592	2361
2361	592
1446	2350
2350	1446
668	2350
2350	668
1340	2361
2361	1340
860	2378
2378	860
1744	2468
2468	1744
1849	2361
2361	1849
2199	2361
2361	2199
626	2367
2367	626
909	2367
2367	909
1217	2468
2468	1217
1260	2367
2367	1260
1818	2403
2403	1818
383	2398
2398	383
2290	2710
2710	2290
841	2350
2350	841
1260	2404
2404	1260
2218	2361
2361	2218
1836	2404
2404	1836
436	2361
2361	436
274	2465
2465	274
1662	2362
2362	1662
740	2361
2361	740
1876	2361
2361	1876
2282	2350
2350	2282
2104	2398
2398	2104
680	2404
2404	680
1782	2361
2361	1782
401	2361
2361	401
87	2350
2350	87
1769	2375
2375	1769
1875	2361
2361	1875
2215	2375
2375	2215
511	2565
2565	511
1737	2350
2350	1737
1541	2386
2386	1541
1661	2390
2390	1661
1378	2367
2367	1378
756	2398
2398	756
1498	2361
2361	1498
1046	2362
2362	1046
112	2350
2350	112
988	2574
2574	988
138	2465
2465	138
871	2350
2350	871
1231	2390
2390	1231
208	2367
2367	208
127	2403
2403	127
106	2371
2371	106
1184	2403
2403	1184
1248	2468
2468	1248
1138	2468
2468	1138
1277	2375
2375	1277
660	2361
2361	660
1160	2350
2350	1160
915	2367
2367	915
1448	2362
2362	1448
1711	2367
2367	1711
1024	2398
2398	1024
490	2371
2371	490
731	2468
2468	731
707	2468
2468	707
457	2350
2350	457
1261	2361
2361	1261
1236	2361
2361	1236
1917	2404
2404	1917
1336	2468
2468	1336
2262	2398
2398	2262
2042	2378
2378	2042
1942	2371
2371	1942
60	2403
2403	60
1412	2350
2350	1412
1019	2361
2361	1019
532	2361
2361	532
1777	2371
2371	1777
1440	2350
2350	1440
2166	2378
2378	2166
2204	2361
2361	2204
677	2350
2350	677
1421	2468
2468	1421
1823	2350
2350	1823
2236	2371
2371	2236
710	2361
2361	710
2210	2354
2354	2210
1979	2350
2350	1979
2245	2362
2362	2245
2272	2350
2350	2272
1464	2398
2398	1464
1968	2371
2371	1968
896	2350
2350	896
2104	2468
2468	2104
1550	2404
2404	1550
910	2354
2354	910
28	2386
2386	28
1475	2465
2465	1475
1258	2404
2404	1258
2008	2364
2364	2008
569	2350
2350	569
509	2465
2465	509
1594	2460
2460	1594
1147	2361
2361	1147
522	2361
2361	522
91	2361
2361	91
1515	2386
2386	1515
1109	2710
2710	1109
1962	2404
2404	1962
115	2362
2362	115
412	2371
2371	412
2138	2367
2367	2138
1809	2350
2350	1809
755	2361
2361	755
193	2361
2361	193
2069	2361
2361	2069
974	2361
2361	974
69	2565
2565	69
909	2371
2371	909
500	2390
2390	500
1194	2350
2350	1194
1585	2398
2398	1585
508	2361
2361	508
117	2404
2404	117
1599	2350
2350	1599
486	2386
2386	486
986	2361
2361	986
1979	2362
2362	1979
1296	2565
2565	1296
1703	2410
2410	1703
1262	2403
2403	1262
757	2710
2710	757
2187	2398
2398	2187
2183	2398
2398	2183
1805	2361
2361	1805
1732	2361
2361	1732
234	2350
2350	234
988	2361
2361	988
315	2361
2361	315
1023	2367
2367	1023
589	2364
2364	589
2194	2390
2390	2194
406	2361
2361	406
364	2350
2350	364
1993	2375
2375	1993
1471	2361
2361	1471
1520	2371
2371	1520
225	2350
2350	225
1803	2375
2375	1803
215	2404
2404	215
1665	2361
2361	1665
520	2368
2368	520
1754	2468
2468	1754
831	2350
2350	831
694	2386
2386	694
52	2350
2350	52
815	2354
2354	815
2005	2404
2404	2005
267	2404
2404	267
1839	2361
2361	1839
377	2465
2465	377
853	2350
2350	853
1165	2378
2378	1165
1999	2350
2350	1999
150	2361
2361	150
2218	2371
2371	2218
850	2361
2361	850
572	2368
2368	572
2241	2361
2361	2241
564	2375
2375	564
2340	2468
2468	2340
990	2350
2350	990
120	2398
2398	120
950	2350
2350	950
1096	2378
2378	1096
615	2361
2361	615
1726	2367
2367	1726
1084	2350
2350	1084
1874	2350
2350	1874
1213	2404
2404	1213
588	2378
2378	588
1819	2371
2371	1819
2055	2350
2350	2055
957	2361
2361	957
345	2398
2398	345
1838	2350
2350	1838
533	2361
2361	533
1742	2361
2361	1742
1112	2361
2361	1112
1777	2361
2361	1777
502	2354
2354	502
1493	2361
2361	1493
242	2565
2565	242
797	2350
2350	797
1673	2368
2368	1673
1037	2404
2404	1037
1494	2350
2350	1494
1118	2468
2468	1118
1766	2361
2361	1766
66	2350
2350	66
1738	2362
2362	1738
956	2350
2350	956
1348	2378
2378	1348
1670	2398
2398	1670
1388	2404
2404	1388
1054	2361
2361	1054
953	2368
2368	953
715	2565
2565	715
1922	2403
2403	1922
2024	2361
2361	2024
2306	2404
2404	2306
1346	2350
2350	1346
1128	2468
2468	1128
2224	2375
2375	2224
1343	2361
2361	1343
1050	2403
2403	1050
1177	2398
2398	1177
2134	2375
2375	2134
18	2350
2350	18
1601	2350
2350	1601
1981	2371
2371	1981
2155	2362
2362	2155
876	2361
2361	876
515	2350
2350	515
1275	2378
2378	1275
462	2361
2361	462
786	2361
2361	786
1334	2710
2710	1334
1765	2350
2350	1765
1150	2398
2398	1150
1905	2465
2465	1905
1247	2350
2350	1247
739	2361
2361	739
1551	2361
2361	1551
456	2468
2468	456
1227	2404
2404	1227
542	2465
2465	542
2276	2398
2398	2276
2207	2350
2350	2207
2219	2404
2404	2219
2280	2375
2375	2280
2140	2367
2367	2140
1596	2361
2361	1596
267	2465
2465	267
1897	2710
2710	1897
1544	2350
2350	1544
46	2565
2565	46
2251	2361
2361	2251
1804	2361
2361	1804
2338	2468
2468	2338
2095	2361
2361	2095
222	2350
2350	222
1215	2386
2386	1215
1567	2361
2361	1567
1574	2797
2797	1574
382	2386
2386	382
1245	2386
2386	1245
906	2378
2378	906
2032	2350
2350	2032
2325	2468
2468	2325
1220	2378
2378	1220
1967	2367
2367	1967
2286	2361
2361	2286
344	2371
2371	344
1434	2375
2375	1434
1843	2361
2361	1843
2099	2404
2404	2099
1148	2362
2362	1148
1267	2404
2404	1267
1072	2350
2350	1072
399	2361
2361	399
1223	2361
2361	1223
1461	2398
2398	1461
1204	2460
2460	1204
1126	2465
2465	1126
1030	2361
2361	1030
1594	2371
2371	1594
69	2403
2403	69
227	2350
2350	227
1720	2361
2361	1720
432	2350
2350	432
1447	2404
2404	1447
244	2361
2361	244
219	2361
2361	219
2332	2398
2398	2332
114	2350
2350	114
1212	2350
2350	1212
2132	2371
2371	2132
1162	2386
2386	1162
272	2367
2367	272
1051	2354
2354	1051
582	2710
2710	582
35	2378
2378	35
460	2354
2354	460
1931	2390
2390	1931
2306	2350
2350	2306
372	2367
2367	372
1638	2361
2361	1638
1149	2398
2398	1149
9	2367
2367	9
1114	2350
2350	1114
650	2361
2361	650
1561	2354
2354	1561
1911	2362
2362	1911
2000	2465
2465	2000
300	2354
2354	300
80	2350
2350	80
1441	2350
2350	1441
1996	2361
2361	1996
389	2350
2350	389
2218	2367
2367	2218
1505	2350
2350	1505
316	2361
2361	316
1986	2390
2390	1986
1368	2350
2350	1368
587	2361
2361	587
1560	2361
2361	1560
2151	2468
2468	2151
938	2404
2404	938
1816	2350
2350	1816
1936	2361
2361	1936
2164	2350
2350	2164
2082	2361
2361	2082
2211	2371
2371	2211
1286	2350
2350	1286
2143	2371
2371	2143
1426	2362
2362	1426
320	2404
2404	320
2056	2361
2361	2056
2174	2362
2362	2174
520	2361
2361	520
2123	2460
2460	2123
58	2468
2468	58
446	2404
2404	446
1940	2350
2350	1940
67	2350
2350	67
306	2361
2361	306
2330	2398
2398	2330
948	2371
2371	948
1943	2404
2404	1943
1974	2797
2797	1974
358	2350
2350	358
970	2361
2361	970
607	2367
2367	607
664	2460
2460	664
212	2350
2350	212
762	2361
2361	762
2131	2371
2371	2131
1689	2350
2350	1689
1266	2465
2465	1266
1380	2350
2350	1380
718	2404
2404	718
856	2378
2378	856
1280	2350
2350	1280
798	2398
2398	798
416	2378
2378	416
813	2361
2361	813
942	2378
2378	942
1077	2367
2367	1077
1785	2386
2386	1785
2185	2398
2398	2185
2345	2375
2375	2345
1437	2350
2350	1437
103	2361
2361	103
1719	2361
2361	1719
1714	2404
2404	1714
221	2361
2361	221
2262	2350
2350	2262
1750	2468
2468	1750
2071	2350
2350	2071
1611	2468
2468	1611
1763	2361
2361	1763
100	2350
2350	100
1645	2465
2465	1645
1834	2361
2361	1834
451	2350
2350	451
140	2386
2386	140
1144	2350
2350	1144
1990	2378
2378	1990
2289	2350
2350	2289
1506	2350
2350	1506
1192	2378
2378	1192
453	2362
2362	453
1645	2362
2362	1645
890	2378
2378	890
1988	2378
2378	1988
505	2468
2468	505
1564	2362
2362	1564
290	2565
2565	290
530	2404
2404	530
97	2361
2361	97
938	2361
2361	938
2276	2468
2468	2276
1820	2362
2362	1820
345	2386
2386	345
1018	2361
2361	1018
886	2361
2361	886
149	2350
2350	149
214	2465
2465	214
785	2386
2386	785
89	2468
2468	89
72	2361
2361	72
1685	2361
2361	1685
418	2361
2361	418
1992	2361
2361	1992
1594	2367
2367	1594
1430	2367
2367	1430
1084	2361
2361	1084
1344	2361
2361	1344
161	2367
2367	161
53	2361
2361	53
255	2362
2362	255
1732	2350
2350	1732
1480	2350
2350	1480
1987	2390
2390	1987
2038	2361
2361	2038
2174	2371
2371	2174
2026	2371
2371	2026
926	2404
2404	926
1391	2361
2361	1391
1447	2350
2350	1447
1699	2361
2361	1699
1229	2398
2398	1229
1857	2350
2350	1857
591	2350
2350	591
1986	2367
2367	1986
733	2375
2375	733
1402	2361
2361	1402
805	2350
2350	805
1299	2361
2361	1299
375	2404
2404	375
288	2350
2350	288
995	2367
2367	995
1957	2398
2398	1957
1912	2367
2367	1912
1076	2375
2375	1076
162	2398
2398	162
1516	2465
2465	1516
1523	2398
2398	1523
1878	2350
2350	1878
401	2404
2404	401
1171	2378
2378	1171
2123	2368
2368	2123
964	2465
2465	964
1176	2367
2367	1176
480	2371
2371	480
1845	2350
2350	1845
55	2378
2378	55
386	2460
2460	386
636	2378
2378	636
1627	2465
2465	1627
413	2361
2361	413
765	2361
2361	765
2184	2398
2398	2184
1227	2350
2350	1227
1566	2404
2404	1566
2341	2361
2361	2341
1657	2565
2565	1657
2142	2398
2398	2142
202	2361
2361	202
316	2404
2404	316
1525	2398
2398	1525
1706	2361
2361	1706
2228	2386
2386	2228
826	2367
2367	826
1193	2404
2404	1193
690	2404
2404	690
1970	2375
2375	1970
7	2361
2361	7
1049	2710
2710	1049
1928	2361
2361	1928
537	2390
2390	537
110	2404
2404	110
1454	2468
2468	1454
1089	2371
2371	1089
2211	2367
2367	2211
1034	2378
2378	1034
548	2367
2367	548
1480	2378
2378	1480
1832	2350
2350	1832
1469	2404
2404	1469
1428	2404
2404	1428
809	2350
2350	809
1555	2465
2465	1555
1093	2361
2361	1093
2290	2350
2350	2290
1505	2468
2468	1505
572	2361
2361	572
198	2386
2386	198
1521	2398
2398	1521
2266	2398
2398	2266
1641	2375
2375	1641
1854	2350
2350	1854
2080	2361
2361	2080
2140	2371
2371	2140
1157	2362
2362	1157
1426	2361
2361	1426
644	2361
2361	644
658	2350
2350	658
1523	2361
2361	1523
303	2350
2350	303
77	2404
2404	77
1821	2403
2403	1821
1427	2350
2350	1427
2080	2350
2350	2080
566	2361
2361	566
518	2361
2361	518
2001	2350
2350	2001
1604	2404
2404	1604
415	2465
2465	415
702	2375
2375	702
1177	2367
2367	1177
776	2468
2468	776
720	2361
2361	720
1342	2361
2361	1342
834	2350
2350	834
1310	2350
2350	1310
149	2378
2378	149
622	2404
2404	622
1407	2350
2350	1407
1545	2404
2404	1545
1283	2361
2361	1283
1006	2350
2350	1006
990	2354
2354	990
1081	2361
2361	1081
1199	2386
2386	1199
1178	2398
2398	1178
1997	2350
2350	1997
897	2371
2371	897
747	2350
2350	747
2137	2350
2350	2137
1453	2465
2465	1453
1415	2367
2367	1415
799	2361
2361	799
549	2361
2361	549
1803	2404
2404	1803
1969	2410
2410	1969
1804	2362
2362	1804
702	2361
2361	702
12	2361
2361	12
341	2398
2398	341
1635	2574
2574	1635
2069	2375
2375	2069
947	2362
2362	947
1460	2371
2371	1460
655	2361
2361	655
596	2371
2371	596
438	2350
2350	438
1193	2367
2367	1193
1314	2350
2350	1314
1885	2354
2354	1885
2134	2361
2361	2134
339	2361
2361	339
541	2404
2404	541
769	2468
2468	769
2254	2361
2361	2254
437	2361
2361	437
587	2367
2367	587
451	2404
2404	451
1563	2350
2350	1563
685	2375
2375	685
1365	2398
2398	1365
713	2361
2361	713
1287	2361
2361	1287
963	2361
2361	963
1442	2361
2361	1442
48	2465
2465	48
1934	2361
2361	1934
1575	2375
2375	1575
44	2350
2350	44
139	2465
2465	139
1481	2350
2350	1481
574	2361
2361	574
2195	2350
2350	2195
269	2350
2350	269
2327	2468
2468	2327
1901	2371
2371	1901
1832	2398
2398	1832
1379	2361
2361	1379
1515	2367
2367	1515
218	2565
2565	218
1901	2350
2350	1901
2114	2350
2350	2114
1676	2468
2468	1676
1946	2797
2797	1946
1395	2465
2465	1395
1434	2361
2361	1434
1264	2465
2465	1264
35	2350
2350	35
1578	2367
2367	1578
141	2361
2361	141
626	2371
2371	626
411	2468
2468	411
1253	2465
2465	1253
921	2371
2371	921
327	2350
2350	327
874	2361
2361	874
328	2361
2361	328
135	2362
2362	135
1546	2350
2350	1546
594	2390
2390	594
2071	2361
2361	2071
1781	2367
2367	1781
1662	2404
2404	1662
1315	2350
2350	1315
960	2398
2398	960
2102	2361
2361	2102
985	2361
2361	985
2025	2361
2361	2025
1208	2371
2371	1208
459	2460
2460	459
2115	2390
2390	2115
2245	2404
2404	2245
65	2361
2361	65
1770	2386
2386	1770
818	2404
2404	818
1107	2361
2361	1107
2266	2371
2371	2266
30	2361
2361	30
1621	2362
2362	1621
1004	2350
2350	1004
606	2465
2465	606
802	2465
2465	802
118	2398
2398	118
59	2350
2350	59
634	2361
2361	634
24	2361
2361	24
465	2378
2378	465
1172	2378
2378	1172
1565	2371
2371	1565
593	2378
2378	593
1971	2367
2367	1971
1667	2350
2350	1667
597	2398
2398	597
362	2361
2361	362
1764	2361
2361	1764
1791	2574
2574	1791
2304	2350
2350	2304
559	2350
2350	559
1812	2350
2350	1812
1595	2361
2361	1595
2110	2361
2361	2110
1757	2361
2361	1757
695	2386
2386	695
1044	2361
2361	1044
359	2350
2350	359
797	2390
2390	797
156	2350
2350	156
1651	2361
2361	1651
1403	2350
2350	1403
2029	2390
2390	2029
2165	2367
2367	2165
1387	2375
2375	1387
1666	2390
2390	1666
1074	2361
2361	1074
620	2465
2465	620
1484	2350
2350	1484
1915	2361
2361	1915
891	2350
2350	891
189	2361
2361	189
656	2361
2361	656
2216	2378
2378	2216
276	2371
2371	276
2310	2361
2361	2310
2189	2367
2367	2189
728	2350
2350	728
282	2350
2350	282
536	2404
2404	536
774	2468
2468	774
554	2350
2350	554
1855	2465
2465	1855
1228	2367
2367	1228
598	2361
2361	598
1893	2386
2386	1893
1278	2361
2361	1278
595	2460
2460	595
191	2404
2404	191
295	2361
2361	295
2322	2403
2403	2322
2304	2404
2404	2304
826	2371
2371	826
1356	2367
2367	1356
1899	2350
2350	1899
1150	2350
2350	1150
573	2354
2354	573
1758	2361
2361	1758
1728	2371
2371	1728
1217	2398
2398	1217
1411	2361
2361	1411
788	2371
2371	788
1973	2367
2367	1973
838	2350
2350	838
1398	2350
2350	1398
573	2371
2371	573
694	2367
2367	694
1271	2465
2465	1271
1328	2350
2350	1328
1072	2367
2367	1072
535	2361
2361	535
2186	2398
2398	2186
146	2404
2404	146
676	2354
2354	676
1816	2404
2404	1816
1645	2361
2361	1645
124	2350
2350	124
389	2710
2710	389
1192	2367
2367	1192
1054	2350
2350	1054
2078	2404
2404	2078
976	2465
2465	976
1282	2354
2354	1282
1654	2710
2710	1654
1062	2390
2390	1062
1745	2350
2350	1745
279	2361
2361	279
1785	2362
2362	1785
480	2362
2362	480
1825	2361
2361	1825
1202	2362
2362	1202
802	2468
2468	802
2171	2403
2403	2171
1230	2386
2386	1230
87	2361
2361	87
2130	2350
2350	2130
1913	2378
2378	1913
971	2350
2350	971
699	2371
2371	699
814	2367
2367	814
1174	2350
2350	1174
2027	2404
2404	2027
709	2368
2368	709
1547	2350
2350	1547
859	2386
2386	859
1438	2468
2468	1438
1526	2468
2468	1526
64	2404
2404	64
1235	2361
2361	1235
1583	2465
2465	1583
29	2361
2361	29
105	2398
2398	105
221	2465
2465	221
65	2350
2350	65
117	2350
2350	117
509	2371
2371	509
277	2350
2350	277
1444	2378
2378	1444
1260	2386
2386	1260
830	2361
2361	830
1654	2361
2361	1654
1320	2354
2354	1320
2272	2361
2361	2272
1955	2361
2361	1955
1476	2362
2362	1476
43	2468
2468	43
1615	2468
2468	1615
478	2404
2404	478
1582	2361
2361	1582
449	2361
2361	449
657	2350
2350	657
1491	2371
2371	1491
1414	2390
2390	1414
88	2367
2367	88
1519	2367
2367	1519
2313	2465
2465	2313
266	2468
2468	266
1483	2398
2398	1483
959	2361
2361	959
465	2361
2361	465
798	2371
2371	798
2109	2378
2378	2109
393	2350
2350	393
13	2350
2350	13
350	2354
2354	350
346	2367
2367	346
1920	2465
2465	1920
1664	2361
2361	1664
2279	2468
2468	2279
4	2404
2404	4
728	2398
2398	728
1268	2354
2354	1268
454	2371
2371	454
1301	2367
2367	1301
1337	2404
2404	1337
1456	2371
2371	1456
1961	2710
2710	1961
2057	2361
2361	2057
1117	2361
2361	1117
1204	2390
2390	1204
325	2362
2362	325
1008	2350
2350	1008
1650	2367
2367	1650
727	2361
2361	727
1756	2350
2350	1756
1559	2404
2404	1559
1103	2361
2361	1103
524	2362
2362	524
1669	2350
2350	1669
1169	2350
2350	1169
552	2350
2350	552
1294	2361
2361	1294
1433	2465
2465	1433
954	2465
2465	954
122	2354
2354	122
94	2350
2350	94
1150	2410
2410	1150
412	2386
2386	412
2341	2350
2350	2341
197	2350
2350	197
149	2460
2460	149
1833	2386
2386	1833
297	2361
2361	297
1240	2710
2710	1240
1276	2710
2710	1276
347	2465
2465	347
1399	2361
2361	1399
2226	2371
2371	2226
1993	2371
2371	1993
1957	2367
2367	1957
366	2362
2362	366
401	2350
2350	401
1476	2468
2468	1476
1831	2361
2361	1831
2169	2403
2403	2169
395	2460
2460	395
1590	2350
2350	1590
2307	2386
2386	2307
2315	2361
2361	2315
1667	2371
2371	1667
1022	2361
2361	1022
1872	2361
2361	1872
439	2362
2362	439
1897	2361
2361	1897
210	2565
2565	210
1983	2350
2350	1983
1389	2371
2371	1389
892	2371
2371	892
1097	2361
2361	1097
1355	2398
2398	1355
113	2465
2465	113
2076	2404
2404	2076
1429	2367
2367	1429
2134	2371
2371	2134
2240	2361
2361	2240
1272	2354
2354	1272
1502	2361
2361	1502
543	2390
2390	543
1134	2468
2468	1134
1695	2797
2797	1695
2324	2710
2710	2324
555	2361
2361	555
1056	2404
2404	1056
2037	2398
2398	2037
618	2386
2386	618
1617	2361
2361	1617
1059	2404
2404	1059
836	2404
2404	836
5	2367
2367	5
1149	2367
2367	1149
550	2465
2465	550
926	2350
2350	926
9	2460
2460	9
2097	2371
2371	2097
2214	2350
2350	2214
1998	2367
2367	1998
490	2367
2367	490
11	2350
2350	11
326	2350
2350	326
1252	2350
2350	1252
229	2361
2361	229
1902	2710
2710	1902
1830	2378
2378	1830
735	2350
2350	735
1940	2404
2404	1940
2299	2371
2371	2299
1071	2465
2465	1071
1933	2350
2350	1933
555	2386
2386	555
1092	2398
2398	1092
2131	2465
2465	2131
1364	2371
2371	1364
1795	2404
2404	1795
849	2404
2404	849
85	2378
2378	85
1216	2398
2398	1216
736	2367
2367	736
319	2404
2404	319
1002	2354
2354	1002
460	2361
2361	460
153	2350
2350	153
34	2350
2350	34
1189	2361
2361	1189
1636	2465
2465	1636
1348	2361
2361	1348
1305	2350
2350	1305
1077	2361
2361	1077
944	2404
2404	944
1404	2361
2361	1404
2205	2362
2362	2205
635	2361
2361	635
1288	2404
2404	1288
1102	2404
2404	1102
49	2361
2361	49
126	2350
2350	126
154	2565
2565	154
1251	2350
2350	1251
699	2367
2367	699
954	2361
2361	954
2296	2410
2410	2296
1487	2361
2361	1487
27	2371
2371	27
334	2361
2361	334
325	2465
2465	325
2100	2350
2350	2100
1731	2361
2361	1731
1763	2350
2350	1763
2181	2350
2350	2181
1231	2460
2460	1231
440	2350
2350	440
882	2404
2404	882
1301	2465
2465	1301
1688	2403
2403	1688
918	2361
2361	918
18	2361
2361	18
1031	2361
2361	1031
1947	2574
2574	1947
836	2350
2350	836
2126	2404
2404	2126
1027	2404
2404	1027
1311	2361
2361	1311
25	2378
2378	25
1478	2404
2404	1478
2223	2465
2465	2223
1887	2361
2361	1887
837	2361
2361	837
919	2350
2350	919
382	2367
2367	382
1898	2350
2350	1898
949	2350
2350	949
1013	2362
2362	1013
121	2390
2390	121
2122	2404
2404	2122
1457	2361
2361	1457
1644	2404
2404	1644
491	2378
2378	491
1967	2371
2371	1967
1508	2404
2404	1508
1167	2350
2350	1167
796	2390
2390	796
1496	2390
2390	1496
2220	2350
2350	2220
1725	2361
2361	1725
2335	2350
2350	2335
1076	2361
2361	1076
86	2565
2565	86
1917	2465
2465	1917
824	2371
2371	824
318	2361
2361	318
57	2468
2468	57
1185	2403
2403	1185
1674	2465
2465	1674
787	2465
2465	787
2244	2350
2350	2244
750	2371
2371	750
1511	2361
2361	1511
1011	2403
2403	1011
1898	2468
2468	1898
850	2404
2404	850
1098	2350
2350	1098
460	2797
2797	460
1548	2362
2362	1548
1952	2468
2468	1952
1798	2361
2361	1798
208	2398
2398	208
2252	2371
2371	2252
2019	2361
2361	2019
1724	2710
2710	1724
209	2465
2465	209
929	2350
2350	929
500	2350
2350	500
759	2410
2410	759
441	2378
2378	441
1069	2361
2361	1069
1533	2386
2386	1533
1588	2350
2350	1588
398	2350
2350	398
519	2350
2350	519
1313	2361
2361	1313
449	2465
2465	449
393	2404
2404	393
1413	2361
2361	1413
1233	2350
2350	1233
2210	2361
2361	2210
122	2465
2465	122
858	2350
2350	858
1463	2371
2371	1463
1101	2361
2361	1101
783	2404
2404	783
2224	2361
2361	2224
1796	2361
2361	1796
1166	2371
2371	1166
2015	2398
2398	2015
1169	2378
2378	1169
1170	2378
2378	1170
1747	2398
2398	1747
1181	2367
2367	1181
848	2350
2350	848
1295	2361
2361	1295
791	2398
2398	791
1023	2378
2378	1023
609	2361
2361	609
409	2361
2361	409
1067	2350
2350	1067
96	2367
2367	96
1866	2361
2361	1866
1557	2354
2354	1557
110	2350
2350	110
86	2710
2710	86
199	2371
2371	199
1977	2361
2361	1977
1360	2350
2350	1360
552	2390
2390	552
1088	2371
2371	1088
2188	2398
2398	2188
194	2361
2361	194
2160	2468
2468	2160
1939	2350
2350	1939
624	2350
2350	624
233	2565
2565	233
1316	2350
2350	1316
1186	2350
2350	1186
1470	2361
2361	1470
349	2404
2404	349
1677	2468
2468	1677
732	2361
2361	732
232	2350
2350	232
2176	2361
2361	2176
308	2362
2362	308
1361	2367
2367	1361
1574	2361
2361	1574
816	2404
2404	816
467	2371
2371	467
599	2403
2403	599
714	2361
2361	714
151	2710
2710	151
1331	2468
2468	1331
904	2350
2350	904
2248	2371
2371	2248
129	2398
2398	129
1916	2350
2350	1916
632	2565
2565	632
2343	2371
2371	2343
1355	2386
2386	1355
1722	2403
2403	1722
151	2361
2361	151
1329	2350
2350	1329
730	2468
2468	730
293	2350
2350	293
1818	2565
2565	1818
1992	2367
2367	1992
1219	2465
2465	1219
1237	2468
2468	1237
1005	2361
2361	1005
27	2375
2375	27
1043	2368
2368	1043
2309	2350
2350	2309
1196	2378
2378	1196
464	2404
2404	464
1122	2468
2468	1122
1696	2361
2361	1696
2246	2361
2361	2246
603	2386
2386	603
2145	2361
2361	2145
911	2465
2465	911
1483	2371
2371	1483
1859	2361
2361	1859
2224	2371
2371	2224
1151	2378
2378	1151
1960	2350
2350	1960
738	2375
2375	738
205	2350
2350	205
2291	2404
2404	2291
120	2371
2371	120
45	2350
2350	45
1452	2465
2465	1452
894	2354
2354	894
1958	2465
2465	1958
1231	2350
2350	1231
1086	2361
2361	1086
1432	2710
2710	1432
1193	2350
2350	1193
781	2367
2367	781
307	2362
2362	307
2138	2371
2371	2138
1490	2361
2361	1490
1242	2404
2404	1242
2100	2404
2404	2100
1241	2350
2350	1241
407	2375
2375	407
290	2371
2371	290
436	2350
2350	436
1032	2465
2465	1032
1826	2404
2404	1826
1772	2362
2362	1772
2212	2398
2398	2212
1550	2368
2368	1550
1486	2350
2350	1486
34	2710
2710	34
313	2350
2350	313
672	2361
2361	672
5	2350
2350	5
1982	2404
2404	1982
2015	2378
2378	2015
1097	2404
2404	1097
1422	2465
2465	1422
1808	2386
2386	1808
42	2361
2361	42
202	2465
2465	202
391	2350
2350	391
32	2404
2404	32
712	2350
2350	712
1317	2404
2404	1317
2075	2371
2371	2075
993	2350
2350	993
1617	2404
2404	1617
1609	2465
2465	1609
231	2468
2468	231
891	2361
2361	891
1228	2361
2361	1228
2303	2361
2361	2303
322	2354
2354	322
346	2371
2371	346
1372	2386
2386	1372
842	2362
2362	842
512	2404
2404	512
349	2410
2410	349
1120	2468
2468	1120
197	2460
2460	197
1890	2350
2350	1890
1179	2350
2350	1179
658	2367
2367	658
446	2350
2350	446
2261	2367
2367	2261
1987	2378
2378	1987
490	2354
2354	490
1240	2350
2350	1240
1625	2371
2371	1625
237	2350
2350	237
44	2404
2404	44
923	2350
2350	923
1988	2350
2350	1988
185	2350
2350	185
416	2390
2390	416
2152	2403
2403	2152
2222	2361
2361	2222
586	2367
2367	586
1762	2465
2465	1762
1331	2465
2465	1331
0	2460
2460	0
225	2386
2386	225
1029	2350
2350	1029
1402	2350
2350	1402
1317	2386
2386	1317
2343	2378
2378	2343
1222	2361
2361	1222
784	2403
2403	784
173	2361
2361	173
261	2371
2371	261
2096	2465
2465	2096
2161	2468
2468	2161
1009	2362
2362	1009
1051	2371
2371	1051
1881	2350
2350	1881
2258	2361
2361	2258
2283	2350
2350	2283
251	2350
2350	251
1755	2371
2371	1755
1805	2350
2350	1805
1146	2404
2404	1146
1452	2361
2361	1452
1414	2367
2367	1414
650	2386
2386	650
447	2460
2460	447
238	2367
2367	238
1024	2367
2367	1024
1574	2354
2354	1574
1594	2398
2398	1594
1512	2386
2386	1512
1290	2361
2361	1290
16	2354
2354	16
2294	2403
2403	2294
1729	2465
2465	1729
1089	2378
2378	1089
1079	2350
2350	1079
565	2361
2361	565
1502	2350
2350	1502
1586	2350
2350	1586
1203	2350
2350	1203
1095	2404
2404	1095
2323	2361
2361	2323
278	2403
2403	278
1327	2350
2350	1327
1811	2361
2361	1811
1202	2465
2465	1202
478	2361
2361	478
2184	2371
2371	2184
856	2386
2386	856
224	2565
2565	224
521	2350
2350	521
1696	2368
2368	1696
704	2386
2386	704
1672	2410
2410	1672
1674	2468
2468	1674
1151	2398
2398	1151
2073	2371
2371	2073
266	2398
2398	266
795	2371
2371	795
1256	2465
2465	1256
148	2350
2350	148
2108	2350
2350	2108
2070	2350
2350	2070
2069	2371
2371	2069
327	2367
2367	327
299	2361
2361	299
120	2354
2354	120
1622	2378
2378	1622
992	2403
2403	992
2264	2404
2404	2264
584	2378
2378	584
737	2361
2361	737
192	2361
2361	192
2274	2465
2465	2274
839	2361
2361	839
135	2361
2361	135
570	2403
2403	570
1578	2350
2350	1578
927	2468
2468	927
371	2398
2398	371
630	2367
2367	630
187	2361
2361	187
168	2361
2361	168
1206	2350
2350	1206
911	2468
2468	911
1524	2468
2468	1524
1891	2710
2710	1891
1996	2565
2565	1996
1807	2465
2465	1807
367	2361
2361	367
1707	2361
2361	1707
1371	2350
2350	1371
891	2404
2404	891
1640	2361
2361	1640
1640	2404
2404	1640
437	2574
2574	437
821	2361
2361	821
1474	2468
2468	1474
1718	2350
2350	1718
15	2350
2350	15
475	2350
2350	475
257	2350
2350	257
16	2350
2350	16
1666	2367
2367	1666
2083	2350
2350	2083
2329	2398
2398	2329
864	2465
2465	864
1396	2362
2362	1396
467	2361
2361	467
1863	2350
2350	1863
935	2362
2362	935
1641	2361
2361	1641
1379	2460
2460	1379
203	2404
2404	203
1424	2465
2465	1424
2144	2361
2361	2144
735	2361
2361	735
479	2350
2350	479
1138	2362
2362	1138
555	2350
2350	555
556	2350
2350	556
115	2386
2386	115
1770	2378
2378	1770
146	2367
2367	146
146	2390
2390	146
1939	2362
2362	1939
1339	2361
2361	1339
849	2361
2361	849
1407	2375
2375	1407
63	2350
2350	63
1889	2368
2368	1889
4	2378
2378	4
1769	2565
2565	1769
1533	2398
2398	1533
819	2361
2361	819
102	2404
2404	102
1172	2367
2367	1172
466	2403
2403	466
232	2410
2410	232
794	2371
2371	794
1074	2350
2350	1074
2244	2361
2361	2244
1476	2361
2361	1476
2308	2468
2468	2308
1158	2350
2350	1158
1180	2378
2378	1180
66	2367
2367	66
2087	2361
2361	2087
2251	2371
2371	2251
1737	2361
2361	1737
2281	2465
2465	2281
870	2404
2404	870
1846	2361
2361	1846
1298	2367
2367	1298
1208	2367
2367	1208
1180	2367
2367	1180
449	2386
2386	449
1462	2371
2371	1462
34	2378
2378	34
1692	2361
2361	1692
2089	2361
2361	2089
2288	2403
2403	2288
540	2404
2404	540
417	2350
2350	417
1791	2361
2361	1791
1124	2468
2468	1124
109	2468
2468	109
2216	2350
2350	2216
1243	2361
2361	1243
1269	2404
2404	1269
484	2386
2386	484
461	2367
2367	461
340	2465
2465	340
327	2390
2390	327
1720	2350
2350	1720
291	2371
2371	291
402	2350
2350	402
1231	2378
2378	1231
47	2465
2465	47
88	2361
2361	88
373	2371
2371	373
296	2565
2565	296
1100	2375
2375	1100
2094	2371
2371	2094
2105	2398
2398	2105
999	2361
2361	999
1653	2403
2403	1653
720	2350
2350	720
690	2350
2350	690
2029	2468
2468	2029
2170	2361
2361	2170
310	2367
2367	310
2091	2404
2404	2091
1863	2361
2361	1863
529	2404
2404	529
2082	2404
2404	2082
1035	2361
2361	1035
609	2350
2350	609
694	2371
2371	694
1394	2361
2361	1394
1372	2350
2350	1372
2273	2350
2350	2273
1736	2565
2565	1736
1675	2468
2468	1675
1753	2361
2361	1753
2154	2797
2797	2154
669	2375
2375	669
407	2361
2361	407
801	2367
2367	801
2326	2465
2465	2326
1978	2350
2350	1978
1161	2460
2460	1161
1111	2361
2361	1111
415	2361
2361	415
1744	2465
2465	1744
1017	2361
2361	1017
1821	2368
2368	1821
102	2371
2371	102
1173	2460
2460	1173
1950	2375
2375	1950
1505	2398
2398	1505
177	2404
2404	177
774	2465
2465	774
94	2386
2386	94
1794	2361
2361	1794
1976	2361
2361	1976
444	2361
2361	444
993	2361
2361	993
535	2404
2404	535
250	2350
2350	250
1157	2465
2465	1157
111	2371
2371	111
996	2354
2354	996
425	2367
2367	425
1415	2371
2371	1415
1405	2361
2361	1405
424	2710
2710	424
960	2386
2386	960
1689	2386
2386	1689
718	2361
2361	718
2266	2465
2465	2266
893	2361
2361	893
816	2361
2361	816
2219	2361
2361	2219
102	2367
2367	102
2124	2386
2386	2124
1984	2350
2350	1984
1982	2367
2367	1982
1143	2350
2350	1143
112	2361
2361	112
132	2404
2404	132
1862	2350
2350	1862
562	2386
2386	562
434	2361
2361	434
951	2350
2350	951
647	2350
2350	647
439	2354
2354	439
101	2404
2404	101
1641	2350
2350	1641
810	2361
2361	810
485	2350
2350	485
471	2361
2361	471
108	2350
2350	108
1421	2350
2350	1421
407	2371
2371	407
860	2371
2371	860
959	2350
2350	959
1140	2371
2371	1140
1884	2361
2361	1884
2060	2410
2410	2060
2252	2378
2378	2252
889	2350
2350	889
1704	2350
2350	1704
1594	2378
2378	1594
1451	2350
2350	1451
1162	2350
2350	1162
319	2361
2361	319
917	2361
2361	917
257	2386
2386	257
2136	2350
2350	2136
827	2350
2350	827
1765	2375
2375	1765
1328	2404
2404	1328
450	2350
2350	450
1428	2386
2386	1428
2202	2361
2361	2202
543	2378
2378	543
2014	2404
2404	2014
1153	2361
2361	1153
331	2361
2361	331
2177	2404
2404	2177
1974	2375
2375	1974
2019	2710
2710	2019
1886	2350
2350	1886
1639	2361
2361	1639
891	2386
2386	891
1715	2361
2361	1715
1469	2361
2361	1469
590	2460
2460	590
890	2361
2361	890
910	2361
2361	910
705	2404
2404	705
1488	2398
2398	1488
542	2367
2367	542
1285	2361
2361	1285
596	2465
2465	596
61	2361
2361	61
2177	2350
2350	2177
14	2367
2367	14
1300	2350
2350	1300
801	2361
2361	801
803	2468
2468	803
1400	2404
2404	1400
1990	2386
2386	1990
1544	2361
2361	1544
591	2367
2367	591
1173	2362
2362	1173
395	2404
2404	395
194	2378
2378	194
1431	2350
2350	1431
169	2398
2398	169
927	2386
2386	927
2309	2361
2361	2309
1392	2361
2361	1392
898	2404
2404	898
1741	2361
2361	1741
278	2710
2710	278
550	2375
2375	550
1137	2468
2468	1137
2120	2367
2367	2120
1282	2404
2404	1282
1671	2367
2367	1671
1580	2371
2371	1580
1191	2362
2362	1191
1271	2362
2362	1271
1021	2350
2350	1021
1617	2378
2378	1617
1152	2410
2410	1152
1828	2468
2468	1828
1666	2386
2386	1666
238	2465
2465	238
1662	2361
2361	1662
1808	2460
2460	1808
1314	2460
2460	1314
1173	2378
2378	1173
1288	2350
2350	1288
2196	2361
2361	2196
364	2361
2361	364
1224	2354
2354	1224
1130	2465
2465	1130
191	2361
2361	191
1902	2404
2404	1902
1775	2371
2371	1775
954	2362
2362	954
1566	2361
2361	1566
383	2468
2468	383
261	2350
2350	261
1660	2361
2361	1660
1910	2404
2404	1910
1048	2468
2468	1048
1811	2410
2410	1811
1569	2350
2350	1569
1175	2367
2367	1175
1795	2350
2350	1795
151	2403
2403	151
586	2378
2378	586
1072	2371
2371	1072
1339	2350
2350	1339
746	2404
2404	746
2037	2371
2371	2037
386	2350
2350	386
516	2361
2361	516
1708	2404
2404	1708
1801	2361
2361	1801
2050	2350
2350	2050
2098	2350
2350	2098
158	2361
2361	158
303	2367
2367	303
1458	2371
2371	1458
872	2404
2404	872
147	2361
2361	147
1247	2398
2398	1247
948	2361
2361	948
1556	2398
2398	1556
829	2404
2404	829
1058	2361
2361	1058
424	2350
2350	424
1764	2404
2404	1764
1270	2350
2350	1270
796	2404
2404	796
416	2367
2367	416
632	2390
2390	632
2267	2367
2367	2267
197	2378
2378	197
534	2361
2361	534
1410	2410
2410	1410
867	2361
2361	867
220	2350
2350	220
2186	2468
2468	2186
1218	2468
2468	1218
2177	2361
2361	2177
232	2371
2371	232
2053	2565
2565	2053
1702	2367
2367	1702
2220	2386
2386	2220
994	2361
2361	994
1223	2404
2404	1223
1386	2371
2371	1386
2337	2398
2398	2337
1455	2465
2465	1455
1145	2404
2404	1145
2294	2350
2350	2294
2153	2375
2375	2153
235	2361
2361	235
390	2361
2361	390
1381	2350
2350	1381
1385	2375
2375	1385
248	2460
2460	248
1182	2371
2371	1182
851	2398
2398	851
47	2361
2361	47
1551	2354
2354	1551
1413	2350
2350	1413
191	2362
2362	191
77	2361
2361	77
564	2367
2367	564
1520	2398
2398	1520
1231	2361
2361	1231
161	2386
2386	161
1250	2371
2371	1250
304	2350
2350	304
1564	2361
2361	1564
1382	2367
2367	1382
1257	2361
2361	1257
2285	2375
2375	2285
2281	2361
2361	2281
1231	2367
2367	1231
1932	2354
2354	1932
1252	2465
2465	1252
1873	2404
2404	1873
121	2404
2404	121
394	2362
2362	394
52	2361
2361	52
1850	2361
2361	1850
1568	2371
2371	1568
626	2404
2404	626
441	2460
2460	441
2154	2354
2354	2154
1153	2367
2367	1153
2058	2710
2710	2058
314	2361
2361	314
1303	2350
2350	1303
1424	2468
2468	1424
966	2468
2468	966
2115	2350
2350	2115
1967	2375
2375	1967
1322	2350
2350	1322
1563	2361
2361	1563
2193	2468
2468	2193
2096	2354
2354	2096
1198	2361
2361	1198
1832	2361
2361	1832
1225	2403
2403	1225
410	2350
2350	410
1236	2367
2367	1236
2154	2465
2465	2154
2320	2361
2361	2320
1068	2361
2361	1068
321	2390
2390	321
486	2361
2361	486
1248	2371
2371	1248
352	2403
2403	352
896	2404
2404	896
79	2403
2403	79
2127	2367
2367	2127
1523	2468
2468	1523
1267	2565
2565	1267
2042	2350
2350	2042
298	2361
2361	298
2227	2350
2350	2227
2150	2468
2468	2150
732	2367
2367	732
1194	2710
2710	1194
1388	2350
2350	1388
2203	2468
2468	2203
2106	2361
2361	2106
2046	2398
2398	2046
2254	2371
2371	2254
706	2362
2362	706
744	2375
2375	744
1490	2350
2350	1490
902	2371
2371	902
2231	2378
2378	2231
1163	2350
2350	1163
203	2361
2361	203
792	2398
2398	792
1221	2386
2386	1221
852	2350
2350	852
392	2361
2361	392
1506	2468
2468	1506
1090	2362
2362	1090
163	2361
2361	163
557	2361
2361	557
1485	2361
2361	1485
1198	2378
2378	1198
1651	2362
2362	1651
1205	2367
2367	1205
1325	2398
2398	1325
2049	2465
2465	2049
1668	2710
2710	1668
2042	2367
2367	2042
547	2362
2362	547
1913	2390
2390	1913
1289	2404
2404	1289
779	2404
2404	779
781	2371
2371	781
997	2350
2350	997
1940	2361
2361	1940
1773	2368
2368	1773
1348	2350
2350	1348
1439	2404
2404	1439
1093	2404
2404	1093
696	2371
2371	696
1169	2386
2386	1169
1708	2361
2361	1708
1621	2465
2465	1621
664	2350
2350	664
1036	2350
2350	1036
2255	2361
2361	2255
1548	2361
2361	1548
2191	2371
2371	2191
343	2350
2350	343
1019	2350
2350	1019
117	2361
2361	117
146	2378
2378	146
142	2404
2404	142
1581	2350
2350	1581
825	2361
2361	825
2095	2404
2404	2095
1991	2361
2361	1991
411	2465
2465	411
1000	2350
2350	1000
1389	2350
2350	1389
665	2404
2404	665
18	2404
2404	18
725	2371
2371	725
1686	2410
2410	1686
2016	2371
2371	2016
447	2350
2350	447
443	2386
2386	443
588	2367
2367	588
276	2350
2350	276
770	2468
2468	770
2243	2367
2367	2243
21	2565
2565	21
442	2350
2350	442
24	2404
2404	24
987	2361
2361	987
2022	2404
2404	2022
1074	2404
2404	1074
766	2354
2354	766
499	2361
2361	499
1620	2361
2361	1620
1833	2378
2378	1833
879	2367
2367	879
1655	2368
2368	1655
193	2404
2404	193
2296	2350
2350	2296
96	2398
2398	96
1499	2350
2350	1499
2336	2468
2468	2336
1479	2361
2361	1479
1515	2362
2362	1515
1944	2350
2350	1944
1642	2468
2468	1642
1445	2565
2565	1445
1569	2367
2367	1569
2292	2465
2465	2292
1649	2361
2361	1649
2165	2378
2378	2165
1455	2468
2468	1455
152	2465
2465	152
859	2361
2361	859
603	2404
2404	603
1382	2386
2386	1382
1493	2350
2350	1493
766	2361
2361	766
2312	2361
2361	2312
2318	2468
2468	2318
726	2361
2361	726
761	2398
2398	761
351	2404
2404	351
1514	2350
2350	1514
1951	2378
2378	1951
2003	2350
2350	2003
1966	2410
2410	1966
1773	2350
2350	1773
40	2350
2350	40
2305	2565
2565	2305
180	2361
2361	180
2019	2565
2565	2019
1059	2350
2350	1059
1072	2404
2404	1072
1022	2350
2350	1022
2103	2398
2398	2103
228	2404
2404	228
1207	2386
2386	1207
530	2361
2361	530
1930	2371
2371	1930
1892	2465
2465	1892
2023	2350
2350	2023
19	2398
2398	19
856	2390
2390	856
1879	2361
2361	1879
811	2361
2361	811
1420	2468
2468	1420
427	2404
2404	427
1904	2468
2468	1904
2016	2386
2386	2016
1942	2354
2354	1942
1154	2367
2367	1154
366	2361
2361	366
1085	2361
2361	1085
1465	2371
2371	1465
1635	2371
2371	1635
1871	2361
2361	1871
1713	2367
2367	1713
1422	2468
2468	1422
1418	2468
2468	1418
192	2404
2404	192
899	2361
2361	899
1507	2367
2367	1507
1800	2362
2362	1800
466	2368
2368	466
1663	2468
2468	1663
1275	2361
2361	1275
1448	2465
2465	1448
1110	2361
2361	1110
496	2361
2361	496
1575	2361
2361	1575
321	2350
2350	321
1135	2468
2468	1135
1210	2361
2361	1210
571	2350
2350	571
1658	2350
2350	1658
697	2350
2350	697
1896	2361
2361	1896
988	2565
2565	988
6	2367
2367	6
1739	2361
2361	1739
2146	2361
2361	2146
603	2361
2361	603
1154	2398
2398	1154
275	2350
2350	275
717	2574
2574	717
570	2565
2565	570
696	2367
2367	696
966	2398
2398	966
1484	2404
2404	1484
1532	2398
2398	1532
1112	2574
2574	1112
2156	2468
2468	2156
2199	2350
2350	2199
764	2350
2350	764
908	2404
2404	908
1729	2362
2362	1729
1808	2367
2367	1808
1929	2410
2410	1929
303	2386
2386	303
1332	2361
2361	1332
305	2410
2410	305
1494	2404
2404	1494
1306	2367
2367	1306
264	2350
2350	264
290	2361
2361	290
1531	2398
2398	1531
1727	2371
2371	1727
869	2361
2361	869
652	2468
2468	652
1062	2386
2386	1062
384	2404
2404	384
1415	2350
2350	1415
2032	2404
2404	2032
2006	2361
2361	2006
1397	2361
2361	1397
1679	2404
2404	1679
1007	2403
2403	1007
1708	2350
2350	1708
1065	2350
2350	1065
904	2361
2361	904
223	2350
2350	223
350	2465
2465	350
28	2367
2367	28
1690	2404
2404	1690
1634	2367
2367	1634
1155	2361
2361	1155
1756	2398
2398	1756
714	2354
2354	714
1168	2378
2378	1168
1161	2378
2378	1161
863	2350
2350	863
1396	2386
2386	1396
511	2361
2361	511
1767	2350
2350	1767
1673	2361
2361	1673
1357	2361
2361	1357
2158	2465
2465	2158
377	2354
2354	377
37	2378
2378	37
941	2361
2361	941
2006	2404
2404	2006
716	2404
2404	716
537	2404
2404	537
952	2465
2465	952
2254	2354
2354	2254
1906	2354
2354	1906
256	2710
2710	256
2224	2367
2367	2224
164	2404
2404	164
485	2361
2361	485
2331	2350
2350	2331
1535	2361
2361	1535
1627	2460
2460	1627
1182	2362
2362	1182
1073	2404
2404	1073
726	2367
2367	726
691	2403
2403	691
914	2361
2361	914
2123	2364
2364	2123
2191	2398
2398	2191
544	2361
2361	544
1177	2350
2350	1177
915	2361
2361	915
374	2361
2361	374
832	2361
2361	832
1701	2465
2465	1701
1369	2350
2350	1369
2013	2404
2404	2013
1843	2710
2710	1843
2271	2398
2398	2271
1769	2361
2361	1769
1027	2386
2386	1027
1738	2361
2361	1738
147	2378
2378	147
1989	2350
2350	1989
2052	2350
2350	2052
1562	2468
2468	1562
1911	2350
2350	1911
1640	2350
2350	1640
2330	2350
2350	2330
131	2350
2350	131
104	2465
2465	104
75	2378
2378	75
1701	2371
2371	1701
681	2375
2375	681
