2142	2348
2348	2142
2095	2348
2348	2095
635	2348
2348	635
2293	2469
2469	2293
656	2654
2654	656
1513	2586
2586	1513
2329	2348
2348	2329
96	2348
2348	96
826	2348
2348	826
2100	2348
2348	2100
830	2348
2348	830
1700	4413
4413	1700
1523	2348
2348	1523
264	2348
2348	264
504	2348
2348	504
183	2348
2348	183
549	2348
2348	549
1235	2348
2348	1235
687	2348
2348	687
911	2558
2558	911
1566	2348
2348	1566
430	2348
2348	430
1805	2348
2348	1805
646	2348
2348	646
979	2348
2348	979
1168	2348
2348	1168
1876	2348
2348	1876
341	2348
2348	341
784	2348
2348	784
1455	2348
2348	1455
1739	2348
2348	1739
1252	2348
2348	1252
1811	2348
2348	1811
2103	2348
2348	2103
1928	2348
2348	1928
1308	2348
2348	1308
2221	2348
2348	2221
912	2348
2348	912
2035	2463
2463	2035
277	2348
2348	277
963	2348
2348	963
1741	2463
2463	1741
1852	2348
2348	1852
1592	2348
2348	1592
1579	2348
2348	1579
2044	2348
2348	2044
680	2463
2463	680
761	2381
2381	761
946	2348
2348	946
122	2348
2348	122
1977	2348
2348	1977
991	2654
2654	991
1875	2348
2348	1875
1504	2348
2348	1504
452	2348
2348	452
104	2348
2348	104
1305	2348
2348	1305
19	2463
2463	19
74	2469
2469	74
2254	2348
2348	2254
360	6645
6645	360
624	2348
2348	624
1319	2558
2558	1319
481	2463
2463	481
1061	2348
2348	1061
569	2348
2348	569
1749	2654
2654	1749
1074	2348
2348	1074
684	2381
2381	684
1539	2348
2348	1539
11	2348
2348	11
680	2586
2586	680
1962	2348
2348	1962
2043	2348
2348	2043
94	2348
2348	94
2012	2348
2348	2012
83	2348
2348	83
1577	2463
2463	1577
2326	2348
2348	2326
901	2586
2586	901
2014	2348
2348	2014
292	2348
2348	292
1301	2348
2348	1301
363	2586
2586	363
1404	2348
2348	1404
705	2469
2469	705
2074	2348
2348	2074
629	2348
2348	629
1015	2348
2348	1015
219	2348
2348	219
905	2469
2469	905
669	2381
2381	669
82	2348
2348	82
1615	2348
2348	1615
918	2348
2348	918
409	2348
2348	409
276	2348
2348	276
271	2348
2348	271
479	2463
2463	479
988	2348
2348	988
2299	2348
2348	2299
2286	2463
2463	2286
1991	2348
2348	1991
2053	2348
2348	2053
1716	2654
2654	1716
1546	2348
2348	1546
610	2348
2348	610
625	2348
2348	625
272	2348
2348	272
860	2348
2348	860
66	2348
2348	66
751	2348
2348	751
1410	2348
2348	1410
1965	2348
2348	1965
1739	2743
2743	1739
1684	2348
2348	1684
261	2348
2348	261
706	2381
2381	706
1344	2348
2348	1344
1573	2348
2348	1573
564	4035
4035	564
1133	2348
2348	1133
662	2348
2348	662
294	2348
2348	294
1038	2348
2348	1038
7	2348
2348	7
710	2348
2348	710
683	2348
2348	683
1884	2348
2348	1884
1351	2828
2828	1351
71	2348
2348	71
259	2348
2348	259
708	2469
2469	708
1473	2348
2348	1473
1082	2348
2348	1082
1422	2348
2348	1422
1036	2348
2348	1036
944	2348
2348	944
841	2348
2348	841
1925	2348
2348	1925
3	2348
2348	3
1853	2348
2348	1853
344	2348
2348	344
1147	2348
2348	1147
2302	2348
2348	2302
343	3196
3196	343
1699	2348
2348	1699
342	2348
2348	342
2033	2348
2348	2033
478	2586
2586	478
308	2348
2348	308
1668	2348
2348	1668
1136	2348
2348	1136
575	2348
2348	575
2008	2348
2348	2008
1734	2348
2348	1734
315	2348
2348	315
622	2348
2348	622
24	2348
2348	24
1613	2348
2348	1613
249	2780
2780	249
508	2348
2348	508
1966	2348
2348	1966
787	2348
2348	787
2224	2540
2540	2224
243	2348
2348	243
301	2348
2348	301
2300	2348
2348	2300
1214	2348
2348	1214
1847	2348
2348	1847
1072	2381
2381	1072
421	2348
2348	421
1250	2348
2348	1250
1267	2348
2348	1267
2085	2348
2348	2085
2132	2654
2654	2132
1738	2348
2348	1738
1736	2348
2348	1736
1376	2348
2348	1376
1331	2348
2348	1331
2179	2348
2348	2179
2201	2348
2348	2201
1955	2348
2348	1955
2121	2348
2348	2121
1366	2348
2348	1366
287	2348
2348	287
1436	2348
2348	1436
187	2469
2469	187
1884	2654
2654	1884
1688	2348
2348	1688
1301	3196
3196	1301
211	2348
2348	211
1412	2381
2381	1412
1116	2348
2348	1116
827	2348
2348	827
414	2348
2348	414
867	2469
2469	867
638	2463
2463	638
1737	2463
2463	1737
1635	5539
5539	1635
587	2348
2348	587
1551	2381
2381	1551
381	2348
2348	381
1522	2348
2348	1522
776	2348
2348	776
1269	2348
2348	1269
2319	2348
2348	2319
1354	2348
2348	1354
1685	2463
2463	1685
732	2463
2463	732
1190	2381
2381	1190
1584	2463
2463	1584
212	2348
2348	212
1575	2348
2348	1575
1288	2348
2348	1288
727	2654
2654	727
2133	2348
2348	2133
732	2381
2381	732
1098	2348
2348	1098
643	2348
2348	643
990	2654
2654	990
1635	5045
5045	1635
1148	2348
2348	1148
136	2348
2348	136
1041	2348
2348	1041
331	2348
2348	331
602	2348
2348	602
1253	2381
2381	1253
2294	2348
2348	2294
455	2348
2348	455
792	2348
2348	792
74	2348
2348	74
1083	2348
2348	1083
127	2348
2348	127
2320	2348
2348	2320
2153	2348
2348	2153
1022	2348
2348	1022
2238	2348
2348	2238
120	2348
2348	120
440	2348
2348	440
1156	2381
2381	1156
1774	2348
2348	1774
1515	3222
3222	1515
1216	2348
2348	1216
1602	3683
3683	1602
1529	2348
2348	1529
953	2348
2348	953
1131	2348
2348	1131
1943	2348
2348	1943
828	2348
2348	828
629	2540
2540	629
339	2348
2348	339
729	2348
2348	729
632	2348
2348	632
1775	2381
2381	1775
2258	2654
2654	2258
1209	2348
2348	1209
2050	2348
2348	2050
1050	2586
2586	1050
1504	2540
2540	1504
1731	2348
2348	1731
449	2348
2348	449
179	2348
2348	179
676	2348
2348	676
1724	2348
2348	1724
472	2348
2348	472
1989	2348
2348	1989
778	2348
2348	778
577	2540
2540	577
552	2348
2348	552
738	3196
3196	738
1798	2348
2348	1798
1720	2348
2348	1720
1432	2348
2348	1432
1927	2348
2348	1927
263	2348
2348	263
2295	2348
2348	2295
1289	2348
2348	1289
1121	2348
2348	1121
2144	2348
2348	2144
583	2348
2348	583
2274	2348
2348	2274
1883	2348
2348	1883
2164	2348
2348	2164
1948	3196
3196	1948
488	2348
2348	488
190	2463
2463	190
1073	2348
2348	1073
56	2348
2348	56
862	2348
2348	862
318	2348
2348	318
1333	2348
2348	1333
791	2348
2348	791
175	2348
2348	175
566	2348
2348	566
858	2348
2348	858
2158	2348
2348	2158
103	2348
2348	103
940	2348
2348	940
1118	2348
2348	1118
1677	2348
2348	1677
1110	2348
2348	1110
2245	2348
2348	2245
6	2654
2654	6
1777	2469
2469	1777
627	2348
2348	627
562	2348
2348	562
507	2348
2348	507
614	2348
2348	614
1027	2348
2348	1027
970	2463
2463	970
1744	2348
2348	1744
1881	2348
2348	1881
1696	2348
2348	1696
46	2381
2381	46
2067	2463
2463	2067
1896	2348
2348	1896
1156	2558
2558	1156
72	2348
2348	72
171	2348
2348	171
2138	2381
2381	2138
1521	3196
3196	1521
516	2348
2348	516
2053	2450
2450	2053
327	2348
2348	327
177	2348
2348	177
1576	2463
2463	1576
1777	2348
2348	1777
1033	2348
2348	1033
268	2586
2586	268
1135	2348
2348	1135
534	2463
2463	534
1390	2348
2348	1390
1136	2463
2463	1136
2075	2654
2654	2075
1200	2348
2348	1200
1140	2348
2348	1140
1849	2348
2348	1849
1899	2463
2463	1899
123	2348
2348	123
1312	2348
2348	1312
514	2586
2586	514
2216	2348
2348	2216
1821	2348
2348	1821
1656	2348
2348	1656
216	2348
2348	216
1604	2348
2348	1604
356	2348
2348	356
502	2348
2348	502
845	2348
2348	845
852	2348
2348	852
1547	2463
2463	1547
135	2348
2348	135
385	2348
2348	385
2235	2348
2348	2235
1253	2966
2966	1253
1233	2348
2348	1233
725	2586
2586	725
1903	2348
2348	1903
922	2586
2586	922
1827	2348
2348	1827
926	2348
2348	926
1335	2348
2348	1335
574	2348
2348	574
1692	2348
2348	1692
698	2450
2450	698
1016	2348
2348	1016
835	5354
5354	835
1136	2558
2558	1136
853	2348
2348	853
2116	2348
2348	2116
1769	2348
2348	1769
1702	2463
2463	1702
1134	2348
2348	1134
1697	2463
2463	1697
45	2348
2348	45
134	2348
2348	134
945	2348
2348	945
2064	2743
2743	2064
1793	2348
2348	1793
2026	2348
2348	2026
2153	2381
2381	2153
2082	2654
2654	2082
1799	2348
2348	1799
1355	2469
2469	1355
1471	2463
2463	1471
1302	2348
2348	1302
741	2381
2381	741
1049	2348
2348	1049
1416	2348
2348	1416
1980	2348
2348	1980
538	2381
2381	538
856	2348
2348	856
1871	2348
2348	1871
938	2463
2463	938
742	2463
2463	742
1125	2348
2348	1125
1434	2348
2348	1434
192	3222
3222	192
1010	2348
2348	1010
482	2887
2887	482
1500	2348
2348	1500
689	2348
2348	689
176	2348
2348	176
1145	2348
2348	1145
990	2484
2484	990
1223	2348
2348	1223
328	2348
2348	328
1534	2348
2348	1534
50	3223
3223	50
795	2348
2348	795
1486	2463
2463	1486
2344	2348
2348	2344
1543	2348
2348	1543
2099	2463
2463	2099
399	2348
2348	399
31	2887
2887	31
2266	2348
2348	2266
107	2348
2348	107
296	2348
2348	296
844	2469
2469	844
2202	2348
2348	2202
1959	2348
2348	1959
1139	2348
2348	1139
2163	2348
2348	2163
2248	2348
2348	2248
1722	2348
2348	1722
494	2348
2348	494
2211	2825
2825	2211
1129	2348
2348	1129
851	2348
2348	851
129	2348
2348	129
2081	2348
2348	2081
283	2348
2348	283
1350	2647
2647	1350
2126	2348
2348	2126
1949	2348
2348	1949
1281	2348
2348	1281
1327	2348
2348	1327
1537	2654
2654	1537
208	2348
2348	208
295	2348
2348	295
2236	2348
2348	2236
1375	2450
2450	1375
987	2348
2348	987
1045	3576
3576	1045
1380	2348
2348	1380
1126	2348
2348	1126
1380	2463
2463	1380
1569	2348
2348	1569
1771	2463
2463	1771
719	2558
2558	719
2017	2348
2348	2017
1651	2348
2348	1651
198	2348
2348	198
219	2463
2463	219
887	2654
2654	887
2098	2348
2348	2098
2165	2348
2348	2165
47	2348
2348	47
1548	2586
2586	1548
705	2484
2484	705
639	2348
2348	639
1947	2348
2348	1947
1393	3196
3196	1393
358	2348
2348	358
513	2348
2348	513
890	2348
2348	890
1427	2348
2348	1427
111	2348
2348	111
1816	2348
2348	1816
478	2463
2463	478
253	2348
2348	253
1048	2348
2348	1048
1772	2348
2348	1772
1698	2463
2463	1698
759	2654
2654	759
638	2348
2348	638
725	2463
2463	725
384	2348
2348	384
1379	2348
2348	1379
353	2586
2586	353
1661	2348
2348	1661
18	2348
2348	18
2061	2348
2348	2061
137	2654
2654	137
2247	2348
2348	2247
420	3673
3673	420
1247	2348
2348	1247
1310	2463
2463	1310
361	2966
2966	361
1704	2463
2463	1704
1334	2348
2348	1334
1363	2348
2348	1363
705	2450
2450	705
65	2381
2381	65
1932	2348
2348	1932
1453	2348
2348	1453
1153	2469
2469	1153
838	2348
2348	838
1194	2348
2348	1194
1641	2463
2463	1641
1231	2348
2348	1231
1499	2348
2348	1499
418	2966
2966	418
1140	5056
5056	1140
64	2348
2348	64
2150	2654
2654	2150
1164	2348
2348	1164
1277	2586
2586	1277
1580	2348
2348	1580
1680	2348
2348	1680
1621	2348
2348	1621
189	2654
2654	189
267	2348
2348	267
781	2348
2348	781
468	2348
2348	468
815	2463
2463	815
1426	2348
2348	1426
2207	2348
2348	2207
5	2348
2348	5
734	2463
2463	734
596	2586
2586	596
1407	2586
2586	1407
73	2348
2348	73
835	2747
2747	835
1201	2348
2348	1201
1051	2348
2348	1051
1113	2348
2348	1113
1599	2348
2348	1599
1185	2348
2348	1185
1942	2348
2348	1942
2147	2348
2348	2147
1779	2348
2348	1779
86	2348
2348	86
1548	2381
2381	1548
1198	2348
2348	1198
1533	2348
2348	1533
33	4288
4288	33
980	2348
2348	980
362	2348
2348	362
2249	2348
2348	2249
869	2348
2348	869
1540	2348
2348	1540
132	2348
2348	132
1838	2463
2463	1838
2202	3478
3478	2202
950	2348
2348	950
931	2348
2348	931
1414	2348
2348	1414
1575	2381
2381	1575
1753	2469
2469	1753
487	2348
2348	487
1104	2348
2348	1104
1276	2381
2381	1276
787	2463
2463	787
379	2348
2348	379
544	2348
2348	544
1781	2348
2348	1781
1906	2348
2348	1906
1191	2348
2348	1191
538	2348
2348	538
1091	2348
2348	1091
135	2586
2586	135
2081	2825
2825	2081
2037	2348
2348	2037
2067	2348
2348	2067
334	2348
2348	334
437	2558
2558	437
866	2348
2348	866
1137	2463
2463	1137
1299	2348
2348	1299
713	2348
2348	713
67	2348
2348	67
156	2348
2348	156
1525	2348
2348	1525
1854	2381
2381	1854
87	2348
2348	87
197	2348
2348	197
2311	2348
2348	2311
205	2348
2348	205
204	2348
2348	204
1628	2348
2348	1628
1714	2463
2463	1714
302	2348
2348	302
1917	2348
2348	1917
2281	2348
2348	2281
722	2586
2586	722
1971	2348
2348	1971
335	2348
2348	335
794	2348
2348	794
910	2348
2348	910
1069	2348
2348	1069
754	2463
2463	754
385	2586
2586	385
744	2348
2348	744
333	2348
2348	333
968	2348
2348	968
132	2463
2463	132
443	2348
2348	443
1088	2348
2348	1088
1923	2348
2348	1923
1832	2348
2348	1832
350	2348
2348	350
808	2348
2348	808
2090	2348
2348	2090
2339	2348
2348	2339
1933	2348
2348	1933
476	2348
2348	476
1489	2348
2348	1489
879	2966
2966	879
1323	2348
2348	1323
31	2463
2463	31
1574	2348
2348	1574
2102	2348
2348	2102
599	2348
2348	599
1014	2348
2348	1014
1355	2348
2348	1355
893	2586
2586	893
43	2348
2348	43
1482	2348
2348	1482
349	2348
2348	349
924	2654
2654	924
1265	2348
2348	1265
1870	2381
2381	1870
207	2348
2348	207
108	2348
2348	108
142	2463
2463	142
1352	2348
2348	1352
1042	2348
2348	1042
1888	2463
2463	1888
905	2348
2348	905
1635	2558
2558	1635
1063	2348
2348	1063
804	2348
2348	804
1561	2348
2348	1561
757	2348
2348	757
1457	2348
2348	1457
1782	2348
2348	1782
736	2348
2348	736
801	2348
2348	801
2311	2654
2654	2311
104	3196
3196	104
2309	2654
2654	2309
722	2348
2348	722
411	2841
2841	411
892	2348
2348	892
220	2348
2348	220
1885	2348
2348	1885
1413	2348
2348	1413
745	2348
2348	745
1536	2348
2348	1536
793	3307
3307	793
606	2348
2348	606
1770	2469
2469	1770
847	2348
2348	847
913	2348
2348	913
1705	2348
2348	1705
241	2348
2348	241
1448	2348
2348	1448
1797	2348
2348	1797
711	2348
2348	711
667	2348
2348	667
2089	2348
2348	2089
1415	2348
2348	1415
1837	2348
2348	1837
977	2463
2463	977
127	2463
2463	127
486	2348
2348	486
1004	2348
2348	1004
1865	2348
2348	1865
284	2348
2348	284
2132	2348
2348	2132
423	2348
2348	423
737	2348
2348	737
33	2586
2586	33
1419	2348
2348	1419
437	2463
2463	437
2318	2348
2348	2318
1158	2348
2348	1158
2322	2348
2348	2322
1046	2381
2381	1046
1788	2348
2348	1788
1050	2463
2463	1050
1713	2348
2348	1713
658	2348
2348	658
164	2348
2348	164
750	4250
4250	750
1569	2654
2654	1569
1161	2348
2348	1161
1970	2348
2348	1970
69	2348
2348	69
1292	2348
2348	1292
2073	2828
2828	2073
1159	2381
2381	1159
608	2348
2348	608
1242	2463
2463	1242
1635	2966
2966	1635
30	2348
2348	30
823	2348
2348	823
703	2586
2586	703
568	2348
2348	568
1084	2348
2348	1084
591	2348
2348	591
1349	2348
2348	1349
1007	2348
2348	1007
2140	2743
2743	2140
888	2463
2463	888
1099	2348
2348	1099
2323	2654
2654	2323
859	2348
2348	859
1822	2348
2348	1822
696	2381
2381	696
410	2381
2381	410
550	2348
2348	550
1853	2381
2381	1853
857	2348
2348	857
1428	2348
2348	1428
843	2348
2348	843
2011	2348
2348	2011
665	2463
2463	665
705	2463
2463	705
809	2348
2348	809
1695	2348
2348	1695
1310	3576
3576	1310
152	2348
2348	152
1815	2348
2348	1815
1406	2348
2348	1406
1491	2825
2825	1491
1335	2463
2463	1335
1581	2348
2348	1581
13	2348
2348	13
917	2348
2348	917
857	2586
2586	857
2021	2348
2348	2021
14	2348
2348	14
1674	2348
2348	1674
2325	2348
2348	2325
409	4170
4170	409
537	2348
2348	537
1739	2469
2469	1739
477	2348
2348	477
592	2348
2348	592
713	2828
2828	713
2209	2654
2654	2209
1472	2348
2348	1472
1039	2348
2348	1039
510	2540
2540	510
1322	2348
2348	1322
1195	2348
2348	1195
90	2348
2348	90
1340	2348
2348	1340
2005	2348
2348	2005
1598	2348
2348	1598
1527	2348
2348	1527
1867	2348
2348	1867
158	2348
2348	158
948	2348
2348	948
2151	2348
2348	2151
1745	2348
2348	1745
39	2348
2348	39
1618	2348
2348	1618
433	2348
2348	433
579	2348
2348	579
1519	2348
2348	1519
1979	2348
2348	1979
541	2348
2348	541
203	2654
2654	203
1167	4170
4170	1167
149	2348
2348	149
994	2348
2348	994
684	2743
2743	684
1165	2348
2348	1165
1931	2348
2348	1931
891	2348
2348	891
1347	2348
2348	1347
1623	2348
2348	1623
2310	2654
2654	2310
418	2381
2381	418
2341	2348
2348	2341
398	2348
2348	398
1986	2348
2348	1986
837	2348
2348	837
739	2586
2586	739
1090	2348
2348	1090
669	2586
2586	669
325	2469
2469	325
2019	2348
2348	2019
1620	2348
2348	1620
1151	2348
2348	1151
811	2348
2348	811
702	2540
2540	702
636	2348
2348	636
152	2463
2463	152
2135	2348
2348	2135
1683	2348
2348	1683
684	2586
2586	684
548	3196
3196	548
239	2348
2348	239
717	2348
2348	717
98	2348
2348	98
1102	2348
2348	1102
893	2825
2825	893
2211	2348
2348	2211
2202	3196
3196	2202
1085	2463
2463	1085
586	2348
2348	586
2086	2348
2348	2086
341	2381
2381	341
2112	2348
2348	2112
1528	2348
2348	1528
1817	2348
2348	1817
1704	2348
2348	1704
1112	2348
2348	1112
1430	2348
2348	1430
290	2540
2540	290
332	2463
2463	332
359	2654
2654	359
2139	2348
2348	2139
158	2463
2463	158
438	2348
2348	438
813	2348
2348	813
254	2348
2348	254
1956	2348
2348	1956
1823	2348
2348	1823
132	2381
2381	132
635	2381
2381	635
415	2586
2586	415
1046	2463
2463	1046
1818	2348
2348	1818
1615	2463
2463	1615
1012	2348
2348	1012
320	2348
2348	320
1801	2348
2348	1801
1729	2348
2348	1729
2020	2348
2348	2020
137	2348
2348	137
658	2558
2558	658
924	2348
2348	924
2137	2348
2348	2137
1299	2463
2463	1299
1908	2348
2348	1908
1391	2586
2586	1391
1577	2381
2381	1577
1701	2348
2348	1701
710	2654
2654	710
460	2348
2348	460
1395	2463
2463	1395
1399	2348
2348	1399
2107	2348
2348	2107
1352	5045
5045	1352
773	2348
2348	773
2097	2348
2348	2097
770	2348
2348	770
618	2348
2348	618
564	2348
2348	564
1029	2348
2348	1029
824	2348
2348	824
1005	2348
2348	1005
524	2348
2348	524
955	2348
2348	955
1689	2586
2586	1689
958	2348
2348	958
1441	2348
2348	1441
693	2348
2348	693
1869	2348
2348	1869
1226	2558
2558	1226
2277	2348
2348	2277
1105	2348
2348	1105
828	2654
2654	828
1040	2348
2348	1040
2062	2348
2348	2062
839	2654
2654	839
491	2348
2348	491
273	2348
2348	273
981	2348
2348	981
846	2348
2348	846
1020	2348
2348	1020
1750	2348
2348	1750
299	2348
2348	299
1953	2348
2348	1953
1	2348
2348	1
820	2348
2348	820
1089	2348
2348	1089
1710	2348
2348	1710
1286	2348
2348	1286
2208	2348
2348	2208
1351	2558
2558	1351
768	2348
2348	768
780	2348
2348	780
314	2348
2348	314
611	2348
2348	611
1249	2348
2348	1249
1520	2348
2348	1520
1439	2348
2348	1439
761	2586
2586	761
1638	3782
3782	1638
2160	2348
2348	2160
722	3478
3478	722
437	2351
2351	437
1647	2469
2469	1647
819	2586
2586	819
245	2348
2348	245
2153	4250
4250	2153
2229	2348
2348	2229
279	2381
2381	279
321	2348
2348	321
884	2348
2348	884
1542	2348
2348	1542
2164	2381
2381	2164
156	2381
2381	156
2336	2348
2348	2336
1123	2348
2348	1123
403	3196
3196	403
1079	2348
2348	1079
803	2348
2348	803
1019	2348
2348	1019
1377	2348
2348	1377
1128	2348
2348	1128
408	2463
2463	408
1922	2348
2348	1922
2186	2348
2348	2186
1093	2348
2348	1093
1149	2348
2348	1149
2241	2348
2348	2241
1142	2348
2348	1142
2113	2348
2348	2113
2346	2348
2348	2346
140	2348
2348	140
198	2828
2828	198
1960	2348
2348	1960
706	2348
2348	706
992	2348
2348	992
878	2348
2348	878
761	2469
2469	761
2187	2654
2654	2187
730	2348
2348	730
474	2586
2586	474
389	2348
2348	389
151	2348
2348	151
1225	2684
2684	1225
2127	2348
2348	2127
540	2348
2348	540
233	2348
2348	233
1919	2348
2348	1919
326	2348
2348	326
1306	2743
2743	1306
322	2348
2348	322
977	2348
2348	977
1575	2463
2463	1575
964	2348
2348	964
1987	2348
2348	1987
1388	2348
2348	1388
2222	2743
2743	2222
744	2780
2780	744
937	2348
2348	937
186	2348
2348	186
1507	2348
2348	1507
153	2348
2348	153
461	2348
2348	461
1609	2348
2348	1609
631	2348
2348	631
637	2348
2348	637
368	2348
2348	368
178	2469
2469	178
2015	2348
2348	2015
515	4551
4551	515
60	2348
2348	60
2269	2348
2348	2269
2010	2348
2348	2010
448	2348
2348	448
157	2348
2348	157
909	2348
2348	909
1296	2348
2348	1296
1895	2381
2381	1895
126	2348
2348	126
1309	2348
2348	1309
1767	2348
2348	1767
896	2348
2348	896
1436	3196
3196	1436
885	2348
2348	885
1006	2348
2348	1006
1467	2348
2348	1467
27	2348
2348	27
889	2348
2348	889
2099	2654
2654	2099
1071	2743
2743	1071
2131	2348
2348	2131
2223	2348
2348	2223
658	2463
2463	658
1855	2348
2348	1855
922	2348
2348	922
2202	2484
2484	2202
191	3222
3222	191
2343	2348
2348	2343
416	2348
2348	416
1701	3196
3196	1701
260	2348
2348	260
600	2348
2348	600
1114	2348
2348	1114
1087	2463
2463	1087
1474	2348
2348	1474
1715	2586
2586	1715
1064	2348
2348	1064
1587	2348
2348	1587
738	2348
2348	738
1900	2654
2654	1900
53	2348
2348	53
1030	2348
2348	1030
798	2348
2348	798
1193	2348
2348	1193
1418	2348
2348	1418
1948	2463
2463	1948
1773	2348
2348	1773
46	2348
2348	46
1906	2654
2654	1906
2243	2348
2348	2243
1983	6345
6345	1983
1444	2348
2348	1444
1918	2348
2348	1918
1497	2348
2348	1497
1791	2348
2348	1791
1306	2348
2348	1306
1755	2348
2348	1755
1225	2381
2381	1225
1969	2654
2654	1969
588	2348
2348	588
435	2348
2348	435
1187	2966
2966	1187
766	2348
2348	766
242	2654
2654	242
12	2463
2463	12
99	2348
2348	99
392	2348
2348	392
684	2348
2348	684
421	3673
3673	421
2291	2348
2348	2291
35	2348
2348	35
512	2348
2348	512
380	2348
2348	380
1673	2381
2381	1673
702	2348
2348	702
163	2348
2348	163
1874	2348
2348	1874
2203	2348
2348	2203
1361	2348
2348	1361
25	3196
3196	25
1442	2348
2348	1442
621	2348
2348	621
391	2348
2348	391
1981	2348
2348	1981
2253	2348
2348	2253
374	2348
2348	374
1906	3018
3018	1906
949	3222
3222	949
870	2747
2747	870
921	3196
3196	921
1723	2348
2348	1723
739	2348
2348	739
17	3196
3196	17
2073	2348
2348	2073
234	2348
2348	234
1221	2348
2348	1221
1238	2348
2348	1238
462	2348
2348	462
1008	2348
2348	1008
1234	2348
2348	1234
1282	2348
2348	1282
782	2348
2348	782
2255	2348
2348	2255
429	2348
2348	429
1519	3196
3196	1519
2337	2348
2348	2337
1958	2463
2463	1958
2149	2348
2348	2149
527	2348
2348	527
236	2348
2348	236
2324	2348
2348	2324
1754	2348
2348	1754
709	2348
2348	709
633	2348
2348	633
341	2887
2887	341
983	2381
2381	983
1941	2348
2348	1941
1387	2348
2348	1387
2314	2348
2348	2314
875	2348
2348	875
105	2348
2348	105
825	2348
2348	825
1112	2469
2469	1112
1466	2348
2348	1466
189	2586
2586	189
1143	2348
2348	1143
517	2348
2348	517
577	2348
2348	577
511	2654
2654	511
1665	2348
2348	1665
900	2469
2469	900
1120	2348
2348	1120
1280	2348
2348	1280
1307	2348
2348	1307
1075	2348
2348	1075
408	5073
5073	408
202	2348
2348	202
268	2348
2348	268
1673	3196
3196	1673
2072	2348
2348	2072
539	2647
2647	539
1583	2348
2348	1583
1560	2463
2463	1560
1067	2348
2348	1067
2273	2348
2348	2273
564	2381
2381	564
1521	2463
2463	1521
901	2381
2381	901
1784	2381
2381	1784
1192	2348
2348	1192
2164	3478
3478	2164
1820	2348
2348	1820
319	2348
2348	319
475	2348
2348	475
2172	2348
2348	2172
1776	2348
2348	1776
189	2463
2463	189
2115	2348
2348	2115
2304	2348
2348	2304
101	2348
2348	101
1203	2348
2348	1203
1108	2348
2348	1108
1800	2348
2348	1800
1339	2348
2348	1339
1784	3478
3478	1784
1325	2348
2348	1325
2016	2348
2348	2016
405	2381
2381	405
663	2348
2348	663
265	2348
2348	265
2296	2348
2348	2296
2178	2348
2348	2178
1316	2348
2348	1316
1544	2348
2348	1544
249	2348
2348	249
694	2348
2348	694
2053	2463
2463	2053
1215	2348
2348	1215
704	2348
2348	704
1934	2348
2348	1934
861	2348
2348	861
1778	2654
2654	1778
1179	2348
2348	1179
1662	2348
2348	1662
1150	2348
2348	1150
2183	2348
2348	2183
497	2348
2348	497
1652	2348
2348	1652
1011	2348
2348	1011
593	2348
2348	593
2151	2586
2586	2151
1062	2348
2348	1062
248	2348
2348	248
2094	2381
2381	2094
1686	2348
2348	1686
2276	2348
2348	2276
1266	2348
2348	1266
1524	2348
2348	1524
113	2348
2348	113
443	6610
6610	443
148	2348
2348	148
1838	2348
2348	1838
164	2654
2654	164
1601	2348
2348	1601
701	2348
2348	701
1810	2348
2348	1810
303	2348
2348	303
1984	2348
2348	1984
1564	2348
2348	1564
559	2348
2348	559
1850	2348
2348	1850
1858	2348
2348	1858
262	2348
2348	262
1502	2348
2348	1502
1259	2463
2463	1259
258	2348
2348	258
1005	2469
2469	1005
772	2348
2348	772
166	2348
2348	166
306	2348
2348	306
2018	2348
2348	2018
2205	2348
2348	2205
870	2463
2463	870
732	3196
3196	732
594	2381
2381	594
2303	2348
2348	2303
716	2348
2348	716
6	3196
3196	6
894	2348
2348	894
855	2348
2348	855
814	2348
2348	814
2007	2348
2348	2007
181	2348
2348	181
652	2348
2348	652
2222	2348
2348	2222
909	2654
2654	909
1263	2348
2348	1263
36	2654
2654	36
2215	2463
2463	2215
2056	2348
2348	2056
726	3683
3683	726
883	2348
2348	883
1186	2348
2348	1186
561	2348
2348	561
1650	2348
2348	1650
1746	2348
2348	1746
623	2348
2348	623
1109	2348
2348	1109
1711	2348
2348	1711
742	3307
3307	742
141	2348
2348	141
928	2348
2348	928
256	2348
2348	256
483	2348
2348	483
669	2484
2484	669
1115	2348
2348	1115
2261	2348
2348	2261
607	2348
2348	607
1766	2348
2348	1766
905	2586
2586	905
2270	2586
2586	2270
1921	2348
2348	1921
1843	2348
2348	1843
1913	2348
2348	1913
431	2348
2348	431
1851	2348
2348	1851
1787	2654
2654	1787
352	2348
2348	352
195	2348
2348	195
1094	2348
2348	1094
478	2654
2654	478
1337	2348
2348	1337
63	2348
2348	63
1622	2348
2348	1622
2004	2348
2348	2004
184	2654
2654	184
1982	2348
2348	1982
528	2463
2463	528
1204	2348
2348	1204
1310	2348
2348	1310
651	2348
2348	651
2152	2348
2348	2152
635	2463
2463	635
1983	3948
3948	1983
1459	2348
2348	1459
1168	2828
2828	1168
596	2348
2348	596
240	2743
2743	240
1803	2348
2348	1803
740	2348
2348	740
1707	2348
2348	1707
1485	2463
2463	1485
1859	2381
2381	1859
1546	2381
2381	1546
598	2348
2348	598
2173	2586
2586	2173
1242	2348
2348	1242
1762	2348
2348	1762
1642	5265
5265	1642
688	2348
2348	688
316	2348
2348	316
2260	2469
2469	2260
1469	2540
2540	1469
1920	2348
2348	1920
348	2348
2348	348
1629	2348
2348	1629
1572	2348
2348	1572
1675	2348
2348	1675
954	2654
2654	954
832	4740
4740	832
1872	2469
2469	1872
1808	2348
2348	1808
242	2348
2348	242
1433	2348
2348	1433
450	2348
2348	450
832	3196
3196	832
769	2348
2348	769
51	2348
2348	51
489	2381
2381	489
1963	2348
2348	1963
1380	2558
2558	1380
1990	2348
2348	1990
947	2348
2348	947
2231	2348
2348	2231
1324	2348
2348	1324
500	2348
2348	500
187	2348
2348	187
2230	2348
2348	2230
2180	2348
2348	2180
310	2348
2348	310
1831	2348
2348	1831
201	2348
2348	201
1105	2654
2654	1105
849	2348
2348	849
1338	2348
2348	1338
1230	2348
2348	1230
1550	2463
2463	1550
1035	2586
2586	1035
1239	5056
5056	1239
58	2348
2348	58
715	2348
2348	715
2312	2348
2348	2312
1585	2348
2348	1585
1958	2348
2348	1958
1360	2348
2348	1360
1758	2348
2348	1758
333	2484
2484	333
1438	2654
2654	1438
699	2348
2348	699
1097	2348
2348	1097
2206	2348
2348	2206
469	2348
2348	469
1188	2348
2348	1188
1864	2348
2348	1864
1024	2348
2348	1024
1954	2348
2348	1954
426	2348
2348	426
1208	2348
2348	1208
2289	3222
3222	2289
1939	2348
2348	1939
1597	2348
2348	1597
1870	2348
2348	1870
1251	2348
2348	1251
800	2654
2654	800
2004	2586
2586	2004
1157	2348
2348	1157
1362	2348
2348	1362
935	2348
2348	935
514	2348
2348	514
692	2348
2348	692
2035	4049
4049	2035
194	2348
2348	194
996	2348
2348	996
1718	2348
2348	1718
2345	2348
2348	2345
1542	2654
2654	1542
810	2348
2348	810
515	2825
2825	515
2083	2348
2348	2083
227	2348
2348	227
2106	2348
2348	2106
624	2558
2558	624
2301	2348
2348	2301
181	2841
2841	181
1277	2381
2381	1277
431	2540
2540	431
893	2348
2348	893
1554	2348
2348	1554
1261	2348
2348	1261
1682	2348
2348	1682
1447	2348
2348	1447
2219	2348
2348	2219
1116	2654
2654	1116
525	2348
2348	525
553	2348
2348	553
29	2348
2348	29
724	2348
2348	724
388	2348
2348	388
1911	2348
2348	1911
89	2348
2348	89
449	2463
2463	449
1764	2348
2348	1764
1726	2586
2586	1726
1395	2348
2348	1395
626	2348
2348	626
382	2348
2348	382
1611	2348
2348	1611
270	2654
2654	270
1436	2463
2463	1436
312	2348
2348	312
1786	2348
2348	1786
1844	2348
2348	1844
1994	2348
2348	1994
1719	2348
2348	1719
995	2348
2348	995
1136	2381
2381	1136
1924	2348
2348	1924
217	2348
2348	217
1238	5056
5056	1238
478	2348
2348	478
1730	2463
2463	1730
1854	2348
2348	1854
939	2348
2348	939
1437	2348
2348	1437
1159	5073
5073	1159
347	2348
2348	347
210	2348
2348	210
1910	2348
2348	1910
1475	2348
2348	1475
2082	2484
2484	2082
2142	2586
2586	2142
1789	2348
2348	1789
1018	2348
2348	1018
1343	2348
2348	1343
495	2348
2348	495
696	2484
2484	696
2305	2348
2348	2305
1034	2348
2348	1034
1259	2348
2348	1259
1206	2348
2348	1206
375	2348
2348	375
117	2348
2348	117
2053	5809
5809	2053
1297	2348
2348	1297
836	2348
2348	836
189	3196
3196	189
976	2348
2348	976
1929	2348
2348	1929
274	2348
2348	274
685	4250
4250	685
1703	2586
2586	1703
1976	2348
2348	1976
240	2348
2348	240
1197	2348
2348	1197
1460	2348
2348	1460
1520	2586
2586	1520
734	2348
2348	734
679	2463
2463	679
1107	2586
2586	1107
1287	2348
2348	1287
726	2469
2469	726
1068	2348
2348	1068
2317	2348
2348	2317
2163	2586
2586	2163
816	2348
2348	816
1336	2348
2348	1336
800	2348
2348	800
307	2348
2348	307
1669	2348
2348	1669
1384	2348
2348	1384
1494	2348
2348	1494
396	2348
2348	396
590	2348
2348	590
1690	2348
2348	1690
1301	2463
2463	1301
2024	2348
2348	2024
1329	2348
2348	1329
1830	2348
2348	1830
989	2348
2348	989
1462	2348
2348	1462
738	2743
2743	738
1260	2348
2348	1260
1868	2348
2348	1868
1031	2348
2348	1031
492	2348
2348	492
128	2348
2348	128
1642	2348
2348	1642
1791	2586
2586	1791
2002	2348
2348	2002
640	2348
2348	640
901	2348
2348	901
1649	2348
2348	1649
1531	2348
2348	1531
714	2348
2348	714
779	2348
2348	779
1152	2348
2348	1152
1886	2348
2348	1886
767	2348
2348	767
298	2348
2348	298
997	2348
2348	997
1648	2348
2348	1648
407	2348
2348	407
695	2348
2348	695
2313	2348
2348	2313
444	2586
2586	444
850	2348
2348	850
1332	2348
2348	1332
250	2348
2348	250
934	2348
2348	934
1938	2348
2348	1938
1658	2348
2348	1658
517	2463
2463	517
2040	2348
2348	2040
2123	2647
2647	2123
2342	2348
2348	2342
933	2348
2348	933
2027	2348
2348	2027
105	2469
2469	105
31	2348
2348	31
1181	2348
2348	1181
805	2463
2463	805
1530	2348
2348	1530
653	2463
2463	653
2328	2348
2348	2328
2283	2348
2348	2283
351	2348
2348	351
78	2654
2654	78
1144	2586
2586	1144
376	3196
3196	376
28	2348
2348	28
1648	2654
2654	1648
1728	2887
2887	1728
184	2463
2463	184
2047	2348
2348	2047
596	2381
2381	596
10	3196
3196	10
74	2825
2825	74
1275	2348
2348	1275
682	2348
2348	682
983	5045
5045	983
80	2348
2348	80
1519	2463
2463	1519
558	2348
2348	558
1488	2348
2348	1488
1476	2348
2348	1476
749	2348
2348	749
1550	2348
2348	1550
1222	2348
2348	1222
2190	2348
2348	2190
2064	2348
2348	2064
962	2348
2348	962
227	3642
3642	227
2125	2348
2348	2125
904	2463
2463	904
447	2348
2348	447
1565	2348
2348	1565
2292	2348
2348	2292
617	2348
2348	617
732	2348
2348	732
1382	2348
2348	1382
41	2348
2348	41
834	2348
2348	834
1276	2348
2348	1276
2259	2412
2412	2259
1589	2348
2348	1589
1077	2348
2348	1077
1257	2348
2348	1257
2242	2348
2348	2242
1644	3782
3782	1644
1003	2586
2586	1003
1373	2348
2348	1373
1163	2348
2348	1163
1689	4230
4230	1689
1600	2348
2348	1600
1925	2654
2654	1925
595	2348
2348	595
788	2348
2348	788
424	2348
2348	424
135	2966
2966	135
81	2348
2348	81
2273	2381
2381	2273
1850	2381
2381	1850
1557	2348
2348	1557
702	2463
2463	702
1426	2558
2558	1426
829	2348
2348	829
797	2348
2348	797
1603	2348
2348	1603
1389	2463
2463	1389
408	2348
2348	408
247	2348
2348	247
2262	2348
2348	2262
230	2348
2348	230
1330	2348
2348	1330
2070	2348
2348	2070
371	2348
2348	371
691	2348
2348	691
1496	2463
2463	1496
1733	2348
2348	1733
1557	2586
2586	1557
2155	2654
2654	2155
1387	3196
3196	1387
26	2654
2654	26
716	2381
2381	716
1576	2348
2348	1576
330	2654
2654	330
2054	2348
2348	2054
902	2558
2558	902
1380	2654
2654	1380
1667	2348
2348	1667
990	2381
2381	990
929	2348
2348	929
451	2348
2348	451
1405	2348
2348	1405
291	2348
2348	291
1960	2463
2463	1960
1946	2586
2586	1946
124	2463
2463	124
965	2348
2348	965
1000	2348
2348	1000
215	2348
2348	215
1726	2348
2348	1726
2146	2348
2348	2146
1535	2348
2348	1535
145	2348
2348	145
1806	2348
2348	1806
1435	2348
2348	1435
710	2586
2586	710
783	2348
2348	783
1547	2586
2586	1547
1442	2381
2381	1442
942	2348
2348	942
2307	2463
2463	2307
279	2348
2348	279
1468	2825
2825	1468
2333	2348
2348	2333
503	2348
2348	503
1313	2348
2348	1313
1749	2841
2841	1749
681	2381
2381	681
2025	2348
2348	2025
2048	2348
2348	2048
1097	2381
2381	1097
1671	2348
2348	1671
2329	2463
2463	2329
761	2463
2463	761
1348	2348
2348	1348
882	2348
2348	882
1412	2348
2348	1412
793	2348
2348	793
397	2348
2348	397
999	2647
2647	999
1367	2348
2348	1367
1207	2348
2348	1207
1513	2348
2348	1513
2155	2348
2348	2155
1226	2348
2348	1226
1807	2348
2348	1807
133	2654
2654	133
189	2348
2348	189
290	2348
2348	290
1726	4250
4250	1726
533	2348
2348	533
2187	2348
2348	2187
1653	2348
2348	1653
165	2348
2348	165
1771	2348
2348	1771
490	2348
2348	490
2185	2348
2348	2185
1319	2463
2463	1319
2181	2348
2348	2181
906	2348
2348	906
1537	2348
2348	1537
1144	2348
2348	1144
1833	3223
3223	1833
1508	2348
2348	1508
437	2654
2654	437
1246	2348
2348	1246
1175	2654
2654	1175
727	2348
2348	727
901	2463
2463	901
317	2348
2348	317
1300	2348
2348	1300
851	4088
4088	851
1096	2348
2348	1096
419	2348
2348	419
1672	2348
2348	1672
19	2825
2825	19
75	2348
2348	75
1394	2348
2348	1394
309	2348
2348	309
620	2348
2348	620
1654	2348
2348	1654
1974	2381
2381	1974
551	2463
2463	551
2162	2348
2348	2162
941	2348
2348	941
229	2348
2348	229
240	2381
2381	240
383	2348
2348	383
993	4288
4288	993
2331	2887
2887	2331
1100	2348
2348	1100
354	2348
2348	354
1172	2348
2348	1172
1173	2348
2348	1173
429	2647
2647	429
1914	2348
2348	1914
738	2586
2586	738
978	2348
2348	978
1190	2348
2348	1190
79	2348
2348	79
144	2348
2348	144
1178	2348
2348	1178
1425	2348
2348	1425
1078	2348
2348	1078
1926	2348
2348	1926
1477	2348
2348	1477
657	2348
2348	657
1942	2463
2463	1942
38	2348
2348	38
1610	2348
2348	1610
1895	2348
2348	1895
777	2348
2348	777
666	2654
2654	666
1054	3196
3196	1054
1431	2348
2348	1431
1695	2381
2381	1695
1371	2348
2348	1371
345	2348
2348	345
155	2348
2348	155
1569	2463
2463	1569
332	2654
2654	332
706	3196
3196	706
1423	2348
2348	1423
1044	2348
2348	1044
932	2348
2348	932
2156	2348
2348	2156
983	2348
2348	983
1046	2348
2348	1046
1493	2348
2348	1493
2233	2348
2348	2233
1838	2469
2469	1838
554	2348
2348	554
2143	2348
2348	2143
481	2348
2348	481
300	2348
2348	300
1025	2348
2348	1025
1032	2348
2348	1032
1189	2348
2348	1189
48	2348
2348	48
1725	2348
2348	1725
567	2348
2348	567
515	2348
2348	515
710	2558
2558	710
1470	2348
2348	1470
936	2348
2348	936
1212	2348
2348	1212
178	2348
2348	178
1245	2348
2348	1245
551	2586
2586	551
1087	2647
2647	1087
867	3223
3223	867
1053	2348
2348	1053
385	2381
2381	385
133	2348
2348	133
2307	2348
2348	2307
1236	2348
2348	1236
925	2348
2348	925
865	2348
2348	865
654	2463
2463	654
2051	2348
2348	2051
1619	2348
2348	1619
2000	2348
2348	2000
2214	2348
2348	2214
1243	2348
2348	1243
603	2348
2348	603
2143	3683
3683	2143
31	2654
2654	31
506	2348
2348	506
1637	2348
2348	1637
2315	2463
2463	2315
1655	2381
2381	1655
1866	2348
2348	1866
1368	2348
2348	1368
1569	2412
2412	1569
97	2348
2348	97
1642	2647
2647	1642
1842	2348
2348	1842
968	4791
4791	968
1737	2381
2381	1737
1328	2348
2348	1328
717	3196
3196	717
1689	2348
2348	1689
806	2348
2348	806
705	2381
2381	705
1417	2348
2348	1417
184	2348
2348	184
1607	2348
2348	1607
1716	2348
2348	1716
1600	2654
2654	1600
930	2348
2348	930
340	2348
2348	340
1836	2463
2463	1836
546	2348
2348	546
2094	2348
2348	2094
1950	2348
2348	1950
458	2348
2348	458
1113	2586
2586	1113
402	2348
2348	402
54	2348
2348	54
387	2463
2463	387
775	2348
2348	775
1238	6085
6085	1238
2174	2348
2348	2174
1972	2348
2348	1972
162	2348
2348	162
685	2450
2450	685
337	2348
2348	337
1541	2348
2348	1541
2080	2348
2348	2080
1877	2348
2348	1877
1117	2348
2348	1117
1003	2348
2348	1003
1440	2348
2348	1440
1555	2348
2348	1555
1407	2348
2348	1407
812	2348
2348	812
2228	2348
2348	2228
289	2348
2348	289
582	2348
2348	582
394	2348
2348	394
733	2540
2540	733
573	2348
2348	573
2195	2348
2348	2195
1262	2348
2348	1262
1391	2348
2348	1391
445	2348
2348	445
1678	2469
2469	1678
1451	2348
2348	1451
415	2463
2463	415
2041	2348
2348	2041
159	2348
2348	159
249	2469
2469	249
2171	2348
2348	2171
466	2647
2647	466
923	2348
2348	923
529	2348
2348	529
819	2348
2348	819
1401	2348
2348	1401
720	2348
2348	720
199	4591
4591	199
2026	4413
4413	2026
1822	2469
2469	1822
2208	2586
2586	2208
1050	2348
2348	1050
538	2463
2463	538
959	2348
2348	959
1294	2348
2348	1294
2252	2348
2348	2252
360	2348
2348	360
2030	2348
2348	2030
733	2348
2348	733
1812	2463
2463	1812
131	2348
2348	131
673	2348
2348	673
1514	2348
2348	1514
390	2463
2463	390
112	2348
2348	112
1626	2348
2348	1626
1993	2348
2348	1993
623	3196
3196	623
975	3222
3222	975
1086	2348
2348	1086
521	2348
2348	521
1358	2647
2647	1358
1169	2348
2348	1169
1490	2348
2348	1490
1639	2463
2463	1639
999	2348
2348	999
76	2348
2348	76
1057	2348
2348	1057
1432	2654
2654	1432
103	4551
4551	103
2239	2348
2348	2239
785	2348
2348	785
115	2348
2348	115
750	2348
2348	750
133	2463
2463	133
2194	2348
2348	2194
681	2348
2348	681
894	2647
2647	894
343	2348
2348	343
1604	2381
2381	1604
984	2348
2348	984
199	2743
2743	199
1388	2743
2743	1388
1606	2348
2348	1606
817	2348
2348	817
2315	2654
2654	2315
887	2348
2348	887
1480	2348
2348	1480
1780	2348
2348	1780
1046	3223
3223	1046
396	2654
2654	396
771	2348
2348	771
648	2348
2348	648
1642	2586
2586	1642
1385	2348
2348	1385
2285	2381
2381	2285
1506	2348
2348	1506
1155	2348
2348	1155
1582	2348
2348	1582
873	2348
2348	873
949	2348
2348	949
1586	2348
2348	1586
146	2348
2348	146
530	3223
3223	530
2136	2348
2348	2136
2330	2348
2348	2330
1095	2348
2348	1095
62	2348
2348	62
1873	2348
2348	1873
167	2348
2348	167
557	2348
2348	557
607	4049
4049	607
2273	2463
2463	2273
1736	2381
2381	1736
325	2348
2348	325
863	2348
2348	863
902	2348
2348	902
1657	2348
2348	1657
2176	2348
2348	2176
969	2348
2348	969
551	2348
2348	551
2250	2348
2348	2250
1325	3196
3196	1325
437	3223
3223	437
501	2348
2348	501
1009	2348
2348	1009
1862	2348
2348	1862
1728	2348
2348	1728
457	2348
2348	457
1187	2381
2381	1187
26	2348
2348	26
1505	2348
2348	1505
1487	2348
2348	1487
848	2348
2348	848
550	5774
5774	550
2087	2348
2348	2087
2338	2348
2348	2338
1701	2450
2450	1701
130	2348
2348	130
100	2348
2348	100
1229	2348
2348	1229
986	2348
2348	986
1670	2348
2348	1670
2111	2348
2348	2111
373	2348
2348	373
1803	2469
2469	1803
1304	2348
2348	1304
1137	2348
2348	1137
2290	2348
2348	2290
1047	2412
2412	1047
870	3196
3196	870
1171	2348
2348	1171
686	2348
2348	686
2120	2348
2348	2120
1403	2348
2348	1403
1029	2654
2654	1029
1176	2348
2348	1176
106	2348
2348	106
463	2348
2348	463
1860	2348
2348	1860
1763	2348
2348	1763
1516	2348
2348	1516
1988	2348
2348	1988
1863	2348
2348	1863
941	2780
2780	941
1146	2348
2348	1146
1346	2348
2348	1346
2099	2647
2647	2099
1759	2348
2348	1759
463	3196
3196	463
1526	2348
2348	1526
2063	2586
2586	2063
1570	2348
2348	1570
304	2348
2348	304
1217	2348
2348	1217
1957	2348
2348	1957
1240	2348
2348	1240
2134	2348
2348	2134
395	2348
2348	395
1948	2348
2348	1948
2175	2348
2348	2175
1218	2348
2348	1218
949	3196
3196	949
1664	2348
2348	1664
604	2348
2348	604
1446	2348
2348	1446
427	2348
2348	427
973	2348
2348	973
434	2348
2348	434
1846	2348
2348	1846
223	2348
2348	223
2340	2348
2348	2340
270	2348
2348	270
349	2558
2558	349
1633	2348
2348	1633
2075	2348
2348	2075
1659	2348
2348	1659
2193	2348
2348	2193
993	2348
2348	993
1812	2348
2348	1812
696	2654
2654	696
191	3254
3254	191
1512	2348
2348	1512
2319	2647
2647	2319
1717	2469
2469	1717
1174	2348
2348	1174
1184	2348
2348	1184
1059	2348
2348	1059
588	2381
2381	588
505	2463
2463	505
1596	2348
2348	1596
760	2348
2348	760
226	2348
2348	226
1588	2348
2348	1588
2032	2348
2348	2032
1784	2348
2348	1784
2145	2348
2348	2145
1625	2348
2348	1625
180	2348
2348	180
1429	2348
2348	1429
333	3222
3222	333
1903	2654
2654	1903
543	2348
2348	543
671	2463
2463	671
1841	2348
2348	1841
789	5173
5173	789
1176	2463
2463	1176
783	2463
2463	783
2337	2654
2654	2337
10	2348
2348	10
1392	2348
2348	1392
1555	2654
2654	1555
731	2348
2348	731
1256	2348
2348	1256
1521	2348
2348	1521
401	2348
2348	401
364	2348
2348	364
43	2654
2654	43
528	2348
2348	528
879	2381
2381	879
2088	2348
2348	2088
1768	2348
2348	1768
2039	2348
2348	2039
2118	2348
2348	2118
696	3679
3679	696
2306	2348
2348	2306
1635	2348
2348	1635
696	2348
2348	696
1948	2381
2381	1948
1351	2348
2348	1351
285	2348
2348	285
181	2463
2463	181
366	2348
2348	366
92	2348
2348	92
821	2348
2348	821
2052	2348
2348	2052
1122	2348
2348	1122
206	2348
2348	206
2130	2348
2348	2130
1056	2348
2348	1056
1175	2348
2348	1175
429	6148
6148	429
1228	2348
2348	1228
536	2463
2463	536
2092	2348
2348	2092
1749	2348
2348	1749
1809	2348
2348	1809
2213	2348
2348	2213
765	2348
2348	765
42	2348
2348	42
560	2348
2348	560
67	2825
2825	67
1239	2348
2348	1239
982	2348
2348	982
2297	2348
2348	2297
1167	2348
2348	1167
125	2348
2348	125
985	2348
2348	985
759	2348
2348	759
2001	2348
2348	2001
2192	2348
2348	2192
855	2654
2654	855
556	2348
2348	556
454	2348
2348	454
2060	2654
2654	2060
1311	2348
2348	1311
1627	2469
2469	1627
1268	2348
2348	1268
881	2463
2463	881
55	2348
2348	55
613	2558
2558	613
40	2348
2348	40
1479	2463
2463	1479
532	2348
2348	532
615	2654
2654	615
1227	2348
2348	1227
1293	2348
2348	1293
1274	2348
2348	1274
199	2966
2966	199
377	2348
2348	377
2212	2348
2348	2212
116	2348
2348	116
952	2348
2348	952
2063	2348
2348	2063
1992	2348
2348	1992
1616	2348
2348	1616
972	2348
2348	972
2093	2348
2348	2093
755	2966
2966	755
956	2348
2348	956
670	2348
2348	670
678	2586
2586	678
292	2654
2654	292
1369	2348
2348	1369
1878	2348
2348	1878
669	3222
3222	669
1708	2348
2348	1708
1375	2586
2586	1375
609	2348
2348	609
741	2348
2348	741
459	2348
2348	459
417	2348
2348	417
1796	2348
2348	1796
269	2348
2348	269
1081	2348
2348	1081
1106	2348
2348	1106
2161	2348
2348	2161
2006	2348
2348	2006
1909	2348
2348	1909
1213	2348
2348	1213
733	3196
3196	733
225	2348
2348	225
1028	2348
2348	1028
173	2348
2348	173
1109	2463
2463	1109
916	2348
2348	916
124	2348
2348	124
1295	2348
2348	1295
231	2348
2348	231
2004	2654
2654	2004
1825	2348
2348	1825
2168	2348
2348	2168
1321	2348
2348	1321
52	2348
2348	52
1752	2348
2348	1752
288	2348
2348	288
1655	2463
2463	1655
1196	2348
2348	1196
532	2381
2381	532
523	2463
2463	523
1076	2348
2348	1076
436	2348
2348	436
1831	2469
2469	1831
238	2348
2348	238
1773	2828
2828	1773
1189	5045
5045	1189
1465	2348
2348	1465
1389	2348
2348	1389
1614	2348
2348	1614
2117	2348
2348	2117
118	2348
2348	118
920	2348
2348	920
1378	2348
2348	1378
1314	2348
2348	1314
1840	2348
2348	1840
222	2348
2348	222
400	2348
2348	400
879	2348
2348	879
1272	2348
2348	1272
714	2586
2586	714
113	3196
3196	113
898	2348
2348	898
1643	2348
2348	1643
406	2463
2463	406
1119	2348
2348	1119
1925	2463
2463	1925
1551	2469
2469	1551
1307	2558
2558	1307
2197	2348
2348	2197
1794	2348
2348	1794
2208	2654
2654	2208
161	2348
2348	161
1484	2348
2348	1484
1457	2887
2887	1457
1608	2348
2348	1608
1666	2348
2348	1666
1632	2463
2463	1632
899	2348
2348	899
77	2348
2348	77
104	2586
2586	104
589	2348
2348	589
1630	2348
2348	1630
563	2348
2348	563
2028	3576
3576	2028
34	2348
2348	34
214	2348
2348	214
2327	2348
2348	2327
710	5033
5033	710
1691	2348
2348	1691
2321	2348
2348	2321
660	2348
2348	660
696	2743
2743	696
635	3196
3196	635
404	2381
2381	404
2275	2348
2348	2275
2079	2469
2469	2079
1958	2647
2647	1958
835	2450
2450	835
796	2348
2348	796
666	2348
2348	666
1605	2348
2348	1605
677	2348
2348	677
669	3196
3196	669
1695	2463
2463	1695
2263	2348
2348	2263
266	2348
2348	266
1070	2348
2348	1070
2105	2348
2348	2105
1968	2348
2348	1968
966	2348
2348	966
102	2348
2348	102
1792	2469
2469	1792
1342	2348
2348	1342
833	2348
2348	833
907	2348
2348	907
2149	2381
2381	2149
590	2654
2654	590
1177	2348
2348	1177
514	2558
2558	514
681	2558
2558	681
1904	2348
2348	1904
235	2348
2348	235
2272	2348
2348	2272
867	4551
4551	867
1969	2348
2348	1969
1	2463
2463	1
1559	2463
2463	1559
70	2348
2348	70
2240	2348
2348	2240
2308	2381
2381	2308
576	2348
2348	576
915	2348
2348	915
1769	2558
2558	1769
150	2348
2348	150
961	2348
2348	961
1219	2348
2348	1219
1202	2348
2348	1202
2234	2348
2348	2234
1743	2348
2348	1743
1205	2348
2348	1205
91	2348
2348	91
1916	2348
2348	1916
1026	2348
2348	1026
1397	2348
2348	1397
1857	2348
2348	1857
2217	2348
2348	2217
1170	2348
2348	1170
1951	2348
2348	1951
393	2348
2348	393
921	2348
2348	921
1715	2654
2654	1715
1037	2348
2348	1037
1464	2348
2348	1464
594	2348
2348	594
1492	2348
2348	1492
1080	2348
2348	1080
1385	2540
2540	1385
914	2348
2348	914
1532	2348
2348	1532
1966	3590
3590	1966
1445	2348
2348	1445
758	2348
2348	758
1409	2348
2348	1409
496	2463
2463	496
104	2469
2469	104
1276	3307
3307	1276
590	2647
2647	590
1703	2654
2654	1703
1775	2348
2348	1775
16	2348
2348	16
22	2463
2463	22
1072	2348
2348	1072
1890	2348
2348	1890
2210	2348
2348	2210
685	2348
2348	685
313	2348
2348	313
2031	2348
2348	2031
1739	3576
3576	1739
1785	2348
2348	1785
868	2348
2348	868
1023	2348
2348	1023
685	2586
2586	685
1256	2463
2463	1256
1319	2348
2348	1319
1700	2654
2654	1700
338	2348
2348	338
718	2348
2348	718
1567	2348
2348	1567
1898	2348
2348	1898
9	2348
2348	9
2335	2348
2348	2335
95	2348
2348	95
1265	2381
2381	1265
1985	2348
2348	1985
109	2348
2348	109
1894	2348
2348	1894
1365	2348
2348	1365
842	2348
2348	842
1870	3223
3223	1870
839	2348
2348	839
723	2348
2348	723
2077	2463
2463	2077
790	2348
2348	790
2069	2348
2348	2069
1509	2469
2469	1509
968	2654
2654	968
1893	2348
2348	1893
1058	2348
2348	1058
1156	2348
2348	1156
849	2586
2586	849
1952	2348
2348	1952
479	2348
2348	479
1424	2348
2348	1424
1096	5929
5929	1096
319	3642
3642	319
2264	2348
2348	2264
2143	2825
2825	2143
1548	2463
2463	1548
139	2348
2348	139
1663	2348
2348	1663
1199	2348
2348	1199
672	2586
2586	672
200	2348
2348	200
1521	2586
2586	1521
893	2463
2463	893
2035	2348
2348	2035
621	2469
2469	621
1889	2348
2348	1889
1577	2348
2348	1577
511	2348
2348	511
365	2348
2348	365
170	2348
2348	170
802	2348
2348	802
612	2348
2348	612
690	2654
2654	690
2110	2348
2348	2110
1108	2463
2463	1108
1595	2348
2348	1595
412	2348
2348	412
1254	2348
2348	1254
565	2348
2348	565
415	2348
2348	415
1393	2348
2348	1393
876	2348
2348	876
522	2348
2348	522
444	2463
2463	444
2129	2348
2348	2129
1698	2348
2348	1698
12	2348
2348	12
1765	2348
2348	1765
246	2348
2348	246
2104	2348
2348	2104
1092	2348
2348	1092
1958	2558
2558	1958
387	2654
2654	387
1727	2654
2654	1727
1148	2654
2654	1148
1111	2348
2348	1111
531	2348
2348	531
357	2654
2654	357
413	2348
2348	413
649	2348
2348	649
1517	2348
2348	1517
2244	2348
2348	2244
1697	2540
2540	1697
240	2463
2463	240
2042	2348
2348	2042
68	2348
2348	68
23	2348
2348	23
1159	2463
2463	1159
192	2463
2463	192
446	2348
2348	446
1013	2348
2348	1013
703	2348
2348	703
1549	2348
2348	1549
1700	2348
2348	1700
17	2348
2348	17
1359	2348
2348	1359
157	2463
2463	157
485	2348
2348	485
251	2348
2348	251
1279	2348
2348	1279
2191	2348
2348	2191
529	2654
2654	529
2199	2348
2348	2199
601	2348
2348	601
1591	2348
2348	1591
1483	2348
2348	1483
1836	2348
2348	1836
990	2348
2348	990
661	2348
2348	661
2078	2348
2348	2078
1495	2743
2743	1495
763	2348
2348	763
557	2463
2463	557
1283	2348
2348	1283
1814	2348
2348	1814
1003	2463
2463	1003
1676	2348
2348	1676
1273	2348
2348	1273
1144	2654
2654	1144
1085	2348
2348	1085
61	2348
2348	61
224	2348
2348	224
2221	2841
2841	2221
700	2348
2348	700
2108	2348
2348	2108
1518	2348
2348	1518
1270	2348
2348	1270
1364	2348
2348	1364
550	3223
3223	550
2287	2348
2348	2287
2268	2348
2348	2268
517	2586
2586	517
1747	2348
2348	1747
1501	2348
2348	1501
2096	2348
2348	2096
1974	2348
2348	1974
1732	2348
2348	1732
2123	2348
2348	2123
396	2562
2562	396
1317	2348
2348	1317
1284	2348
2348	1284
630	2348
2348	630
22	2348
2348	22
1694	2654
2654	1694
1136	4250
4250	1136
1901	2348
2348	1901
699	2469
2469	699
1469	2348
2348	1469
555	2348
2348	555
526	2348
2348	526
1130	2348
2348	1130
539	2348
2348	539
1850	2469
2469	1850
2209	2348
2348	2209
2192	2463
2463	2192
2157	2348
2348	2157
333	2381
2381	333
2267	2348
2348	2267
1571	2348
2348	1571
2023	2348
2348	2023
370	2348
2348	370
1021	2348
2348	1021
1353	2348
2348	1353
2060	3590
3590	2060
324	2348
2348	324
403	2463
2463	403
168	2348
2348	168
1604	2654
2654	1604
1017	2348
2348	1017
750	2381
2381	750
1944	2348
2348	1944
659	2348
2348	659
1060	2348
2348	1060
185	2348
2348	185
672	2463
2463	672
2232	2381
2381	2232
954	2348
2348	954
2159	2348
2348	2159
1253	2348
2348	1253
2271	2348
2348	2271
237	2558
2558	237
1960	2586
2586	1960
484	2348
2348	484
655	2348
2348	655
4	2348
2348	4
762	2348
2348	762
59	2348
2348	59
1829	2348
2348	1829
305	2348
2348	305
518	2348
2348	518
257	2348
2348	257
1002	2348
2348	1002
597	2348
2348	597
2022	2348
2348	2022
1967	2381
2381	1967
2009	2348
2348	2009
2122	2348
2348	2122
1785	2558
2558	1785
464	2348
2348	464
1463	2348
2348	1463
355	2348
2348	355
1408	2348
2348	1408
874	2348
2348	874
1702	2348
2348	1702
1693	2348
2348	1693
2140	2348
2348	2140
1882	2654
2654	1882
1154	2348
2348	1154
2200	2348
2348	2200
2124	2348
2348	2124
666	4413
4413	666
221	2348
2348	221
968	2647
2647	968
188	2463
2463	188
169	2348
2348	169
2189	2348
2348	2189
341	2469
2469	341
2029	2348
2348	2029
218	2348
2348	218
1226	2654
2654	1226
1370	2348
2348	1370
2	2348
2348	2
2076	2348
2348	2076
578	2348
2348	578
323	2463
2463	323
2182	2348
2348	2182
32	2348
2348	32
867	2348
2348	867
572	2381
2381	572
178	3590
3590	178
1966	2654
2654	1966
2166	2348
2348	2166
1888	2348
2348	1888
311	2469
2469	311
2198	2348
2348	2198
199	2412
2412	199
441	2348
2348	441
2220	2348
2348	2220
886	2348
2348	886
1594	2348
2348	1594
971	2348
2348	971
908	2348
2348	908
1975	2348
2348	1975
722	2828
2828	722
1905	2348
2348	1905
817	2828
2828	817
1578	2348
2348	1578
919	2348
2348	919
520	2348
2348	520
1783	2558
2558	1783
635	3222
3222	635
1602	2348
2348	1602
822	2348
2348	822
1456	2348
2348	1456
1277	2654
2654	1277
255	2348
2348	255
893	2469
2469	893
2188	2348
2348	2188
1052	2348
2348	1052
2036	2463
2463	2036
783	2586
2586	783
1946	2348
2348	1946
1828	2348
2348	1828
1495	2348
2348	1495
2045	2348
2348	2045
752	2348
2348	752
2278	2348
2348	2278
844	2586
2586	844
2226	2348
2348	2226
1617	2348
2348	1617
1965	2381
2381	1965
787	3196
3196	787
742	2381
2381	742
580	2348
2348	580
734	2586
2586	734
2256	2348
2348	2256
1345	2586
2586	1345
2323	2348
2348	2323
281	2348
2348	281
428	2463
2463	428
1854	3196
3196	1854
1786	3196
3196	1786
2034	2348
2348	2034
1556	2348
2348	1556
199	2348
2348	199
196	2348
2348	196
641	2348
2348	641
613	2348
2348	613
1681	2348
2348	1681
738	2381
2381	738
1374	2348
2348	1374
297	2348
2348	297
1452	2348
2348	1452
2278	4661
4661	2278
1298	2348
2348	1298
721	2654
2654	721
203	2348
2348	203
1454	2348
2348	1454
1825	2463
2463	1825
8	2348
2348	8
1887	2348
2348	1887
2167	2348
2348	2167
1356	2348
2348	1356
553	3196
3196	553
2149	2966
2966	2149
1398	2348
2348	1398
409	2381
2381	409
103	3549
3549	103
1160	2348
2348	1160
1142	2654
2654	1142
1558	2348
2348	1558
191	2463
2463	191
121	2463
2463	121
1271	2348
2348	1271
316	2463
2463	316
439	2348
2348	439
1937	2348
2348	1937
2049	2586
2586	2049
2057	2348
2348	2057
584	2348
2348	584
2109	2348
2348	2109
1673	2586
2586	1673
871	2348
2348	871
2128	2348
2348	2128
831	2654
2654	831
369	2654
2654	369
1400	2348
2348	1400
953	2463
2463	953
174	2348
2348	174
44	2348
2348	44
1736	2654
2654	1736
74	4049
4049	74
2060	2348
2348	2060
1640	2348
2348	1640
697	2348
2348	697
1930	2348
2348	1930
1973	2348
2348	1973
1838	2586
2586	1838
753	2348
2348	753
499	2381
2381	499
8	2381
2381	8
1538	2348
2348	1538
1438	2586
2586	1438
278	2348
2348	278
1631	2348
2348	1631
351	2586
2586	351
25	2348
2348	25
147	2348
2348	147
2068	2348
2348	2068
409	2469
2469	409
1396	2348
2348	1396
1807	2558
2558	1807
1961	2348
2348	1961
154	2348
2348	154
840	2348
2348	840
1548	2348
2348	1548
2082	2348
2348	2082
372	2348
2348	372
957	2348
2348	957
478	2381
2381	478
674	2348
2348	674
1520	2654
2654	1520
742	2586
2586	742
2237	2348
2348	2237
88	2348
2348	88
1953	4088
4088	1953
466	2348
2348	466
1679	2348
2348	1679
2141	2463
2463	2141
1232	2348
2348	1232
15	2348
2348	15
1552	2348
2348	1552
1593	2348
2348	1593
1278	2348
2348	1278
1935	2348
2348	1935
455	2586
2586	455
1833	2348
2348	1833
570	2348
2348	570
645	2348
2348	645
774	2348
2348	774
2154	2348
2348	2154
480	2348
2348	480
1632	2348
2348	1632
498	2463
2463	498
1156	2586
2586	1156
330	2348
2348	330
1735	2348
2348	1735
1839	2348
2348	1839
1255	2348
2348	1255
1381	2348
2348	1381
764	2348
2348	764
36	2586
2586	36
628	2348
2348	628
2177	2348
2348	2177
2046	2348
2348	2046
2071	2469
2469	2071
1940	2348
2348	1940
68	5857
5857	68
1964	2348
2348	1964
616	2348
2348	616
735	2348
2348	735
742	2348
2348	742
2288	2348
2348	2288
2265	2348
2348	2265
2099	2348
2348	2099
2222	2654
2654	2222
1539	2586
2586	1539
284	2828
2828	284
647	2348
2348	647
2257	2348
2348	2257
1907	2562
2562	1907
1912	2348
2348	1912
1902	2348
2348	1902
2196	2348
2348	2196
1352	2381
2381	1352
21	2348
2348	21
1291	2348
2348	1291
386	2348
2348	386
1802	2348
2348	1802
623	2586
2586	623
548	2348
2348	548
547	2348
2348	547
2071	2586
2586	2071
2331	2348
2348	2331
1111	4035
4035	1111
1065	2348
2348	1065
2316	2348
2348	2316
1945	2348
2348	1945
1760	2348
2348	1760
680	3222
3222	680
509	2348
2348	509
1510	2348
2348	1510
1421	2348
2348	1421
1320	2348
2348	1320
1590	2348
2348	1590
1795	2348
2348	1795
1183	2348
2348	1183
1673	3782
3782	1673
1389	2654
2654	1389
1484	2463
2463	1484
372	4304
4304	372
474	2348
2348	474
1958	2654
2654	1958
1723	4288
4288	1723
1742	2348
2348	1742
2204	2348
2348	2204
2084	2348
2348	2084
707	2348
2348	707
1891	2348
2348	1891
2309	2348
2348	2309
1924	2743
2743	1924
1318	2348
2348	1318
983	2825
2825	983
1315	2348
2348	1315
1838	2381
2381	1838
357	2348
2348	357
1856	2348
2348	1856
1166	2348
2348	1166
0	2348
2348	0
619	2348
2348	619
2119	2348
2348	2119
911	2348
2348	911
1159	2348
2348	1159
698	2743
2743	698
1996	2348
2348	1996
323	2381
2381	323
1498	2348
2348	1498
1264	2348
2348	1264
1443	2348
2348	1443
49	3576
3576	49
2140	2586
2586	2140
1967	2348
2348	1967
1940	2463
2463	1940
302	2463
2463	302
726	2348
2348	726
1461	2348
2348	1461
2284	2348
2348	2284
1383	2348
2348	1383
1876	2381
2381	1876
1553	2463
2463	1553
1326	2348
2348	1326
927	2348
2348	927
418	2348
2348	418
1721	2348
2348	1721
864	2348
2348	864
1248	2348
2348	1248
975	2348
2348	975
668	2348
2348	668
2251	2348
2348	2251
1819	2348
2348	1819
1180	2348
2348	1180
1495	2463
2463	1495
974	2348
2348	974
1237	2348
2348	1237
1107	2348
2348	1107
1771	2828
2828	1771
905	2654
2654	905
585	2348
2348	585
2001	2586
2586	2001
621	2825
2825	621
2224	2348
2348	2224
200	2654
2654	200
1787	2562
2562	1787
1568	2348
2348	1568
1402	2348
2348	1402
1481	2348
2348	1481
1132	2348
2348	1132
1997	2348
2348	1997
1253	2412
2412	1253
425	2348
2348	425
282	2348
2348	282
209	2348
2348	209
542	2348
2348	542
1138	2348
2348	1138
1303	2348
2348	1303
1358	2348
2348	1358
756	2348
2348	756
897	2348
2348	897
1496	2348
2348	1496
644	2463
2463	644
2114	2348
2348	2114
998	2348
2348	998
1030	3254
3254	1030
2332	2348
2348	2332
799	2348
2348	799
605	2348
2348	605
1761	2348
2348	1761
1241	2348
2348	1241
967	2348
2348	967
1936	5045
5045	1936
213	2348
2348	213
957	2825
2825	957
1775	2463
2463	1775
788	2654
2654	788
453	2348
2348	453
877	2348
2348	877
712	2348
2348	712
786	2412
2412	786
1124	2348
2348	1124
818	2348
2348	818
903	3576
3576	903
1127	2348
2348	1127
2148	2348
2348	2148
844	2348
2348	844
1810	2654
2654	1810
1612	2348
2348	1612
1747	2381
2381	1747
705	2348
2348	705
293	2348
2348	293
1780	2586
2586	1780
2138	2348
2348	2138
714	2463
2463	714
807	2348
2348	807
1978	2348
2348	1978
1545	2348
2348	1545
1182	2348
2348	1182
188	2586
2586	188
1826	2348
2348	1826
1624	2348
2348	1624
143	2348
2348	143
664	2348
2348	664
1620	2463
2463	1620
1698	2381
2381	1698
37	2348
2348	37
1071	2348
2348	1071
835	3196
3196	835
1190	2887
2887	1190
1998	2348
2348	1998
1790	2348
2348	1790
1511	2348
2348	1511
1551	2348
2348	1551
57	2348
2348	57
2225	2348
2348	2225
1695	2654
2654	1695
138	2348
2348	138
1420	2348
2348	1420
329	2348
2348	329
1055	2348
2348	1055
1411	2348
2348	1411
738	2463
2463	738
182	2348
2348	182
2065	2348
2348	2065
1290	2348
2348	1290
244	2348
2348	244
1025	2469
2469	1025
634	2348
2348	634
301	2654
2654	301
367	2348
2348	367
1220	2348
2348	1220
1644	4029
4029	1644
1835	2348
2348	1835
2297	2463
2463	2297
1103	2348
2348	1103
228	2348
2348	228
1450	2348
2348	1450
865	2654
2654	865
110	2348
2348	110
1563	2348
2348	1563
2101	5045
5045	2101
1873	2463
2463	1873
517	2654
2654	517
2289	2348
2348	2289
2081	2654
2654	2081
1824	2348
2348	1824
642	2463
2463	642
789	2348
2348	789
1636	2348
2348	1636
2066	2348
2348	2066
1101	2348
2348	1101
536	2348
2348	536
549	2463
2463	549
442	2348
2348	442
1357	2348
2348	1357
532	3478
3478	532
1379	2484
2484	1379
2298	2348
2348	2298
471	2348
2348	471
2279	2348
2348	2279
1740	2348
2348	1740
2035	2654
2654	2035
2071	2348
2348	2071
1035	2654
2654	1035
323	2348
2348	323
1224	2348
2348	1224
733	2463
2463	733
698	2348
2348	698
1604	2463
2463	1604
93	2348
2348	93
1813	2348
2348	1813
1861	2348
2348	1861
1211	2348
2348	1211
2059	2348
2348	2059
1244	2348
2348	1244
1845	2348
2348	1845
545	2348
2348	545
203	2463
2463	203
1136	2743
2743	1136
2085	2463
2463	2085
1655	2348
2348	1655
1748	2348
2348	1748
951	2348
2348	951
1783	2348
2348	1783
1187	3478
3478	1187
1090	2484
2484	1090
1449	2348
2348	1449
470	2348
2348	470
1892	2348
2348	1892
725	2348
2348	725
456	2348
2348	456
1162	2348
2348	1162
728	2348
2348	728
711	2540
2540	711
1897	2348
2348	1897
119	2348
2348	119
1660	2348
2348	1660
650	2348
2348	650
2334	2348
2348	2334
1730	2348
2348	1730
179	2757
2757	179
465	2348
2348	465
6	2348
2348	6
2280	2348
2348	2280
237	2348
2348	237
721	2348
2348	721
689	2654
2654	689
1386	2348
2348	1386
474	2463
2463	474
1350	2381
2381	1350
761	2348
2348	761
1641	2743
2743	1641
1458	2348
2348	1458
1306	2463
2463	1306
114	2348
2348	114
1727	2348
2348	1727
1210	2348
2348	1210
493	2348
2348	493
2218	2348
2348	2218
1756	2348
2348	1756
1341	2348
2348	1341
371	2654
2654	371
1469	2463
2463	1469
697	2558
2558	697
1043	2348
2348	1043
588	3196
3196	588
160	2348
2348	160
172	2348
2348	172
2055	2348
2348	2055
1187	2348
2348	1187
2246	2463
2463	2246
1789	2463
2463	1789
832	5073
5073	832
746	2348
2348	746
2184	2348
2348	2184
252	2348
2348	252
1088	2825
2825	1088
705	2654
2654	705
286	2348
2348	286
960	2348
2348	960
1709	2348
2348	1709
2170	2348
2348	2170
1001	2348
2348	1001
581	2348
2348	581
880	2348
2348	880
85	2348
2348	85
2091	2348
2348	2091
1478	2348
2348	1478
1066	2348
2348	1066
1706	2348
2348	1706
953	2654
2654	953
1751	2348
2348	1751
1804	2348
2348	1804
275	2348
2348	275
2013	2348
2348	2013
1112	3196
3196	1112
571	2348
2348	571
1708	2586
2586	1708
1645	2348
2348	1645
854	2348
2348	854
422	3673
3673	422
1999	2348
2348	1999
1189	2463
2463	1189
124	2586
2586	124
519	2348
2348	519
2227	2348
2348	2227
754	2348
2348	754
535	2348
2348	535
1712	2348
2348	1712
1258	2348
2348	1258
1715	2381
2381	1715
1513	4035
4035	1513
938	2348
2348	938
1539	4250
4250	1539
747	2348
2348	747
376	2463
2463	376
2038	2348
2348	2038
675	2348
2348	675
719	2966
2966	719
1468	2348
2348	1468
481	3254
3254	481
336	2348
2348	336
1372	2348
2348	1372
1141	2348
2348	1141
943	2348
2348	943
1848	2348
2348	1848
232	2348
2348	232
805	2348
2348	805
84	2348
2348	84
895	2348
2348	895
432	2348
2348	432
1562	2348
2348	1562
1879	2348
2348	1879
2003	2348
2348	2003
346	2348
2348	346
1995	2348
2348	1995
2058	2348
2348	2058
1690	2586
2586	1690
