1780	2417
2417	1780
940	2358
2358	940
454	2358
2358	454
313	2373
2373	313
1565	2358
2358	1565
319	2358
2358	319
2310	2358
2358	2310
1562	2358
2358	1562
1943	2373
2373	1943
1373	2373
2373	1373
1808	2623
2623	1808
1179	2623
2623	1179
115	2358
2358	115
1251	2417
2417	1251
898	2373
2373	898
1679	2358
2358	1679
1339	2358
2358	1339
1452	2358
2358	1452
2015	2417
2417	2015
1371	2417
2417	1371
1709	2358
2358	1709
1074	2358
2358	1074
1398	2358
2358	1398
2028	2417
2417	2028
1216	2358
2358	1216
1887	2358
2358	1887
1894	2373
2373	1894
1303	2358
2358	1303
932	2358
2358	932
1295	2358
2358	1295
1465	2417
2417	1465
1838	2358
2358	1838
32	2358
2358	32
243	2358
2358	243
2165	2623
2623	2165
1840	2358
2358	1840
329	2358
2358	329
1537	2373
2373	1537
709	2358
2358	709
2115	2417
2417	2115
1599	2358
2358	1599
569	2358
2358	569
1611	2358
2358	1611
1277	2358
2358	1277
386	2623
2623	386
1212	2417
2417	1212
467	2358
2358	467
679	2358
2358	679
2327	2358
2358	2327
1814	2358
2358	1814
911	2358
2358	911
1686	2358
2358	1686
682	2358
2358	682
1892	2358
2358	1892
2175	2358
2358	2175
1579	2417
2417	1579
1625	2358
2358	1625
235	2373
2373	235
957	2358
2358	957
512	2358
2358	512
2074	2373
2373	2074
2018	2358
2358	2018
1408	2358
2358	1408
1802	2373
2373	1802
704	2417
2417	704
256	2358
2358	256
918	2358
2358	918
1234	2373
2373	1234
1218	2358
2358	1218
103	2417
2417	103
148	2623
2623	148
600	2358
2358	600
1008	2358
2358	1008
1618	2373
2373	1618
2054	2358
2358	2054
2184	2358
2358	2184
2084	2358
2358	2084
685	2358
2358	685
958	2373
2373	958
294	2417
2417	294
1580	2373
2373	1580
1483	2358
2358	1483
818	2417
2417	818
1493	2358
2358	1493
1796	2417
2417	1796
1141	2358
2358	1141
982	2358
2358	982
1076	2358
2358	1076
1640	2358
2358	1640
1705	2358
2358	1705
1132	2358
2358	1132
10	2358
2358	10
1649	2358
2358	1649
809	2358
2358	809
480	2358
2358	480
2332	2417
2417	2332
2073	2358
2358	2073
264	2358
2358	264
431	2417
2417	431
1370	2417
2417	1370
1367	2373
2373	1367
315	2358
2358	315
1224	2358
2358	1224
2174	2358
2358	2174
362	2358
2358	362
1458	2417
2417	1458
1906	2358
2358	1906
1708	2358
2358	1708
647	2358
2358	647
1379	2417
2417	1379
1032	2358
2358	1032
1848	2358
2358	1848
1770	2623
2623	1770
1992	2417
2417	1992
2275	2358
2358	2275
423	2373
2373	423
641	2358
2358	641
85	2417
2417	85
2108	2358
2358	2108
27	2358
2358	27
1650	2358
2358	1650
2293	2417
2417	2293
1034	2417
2417	1034
345	2417
2417	345
250	2358
2358	250
178	2358
2358	178
2305	2358
2358	2305
2172	2358
2358	2172
900	2358
2358	900
678	2358
2358	678
2144	2623
2623	2144
351	2358
2358	351
1347	2358
2358	1347
527	2358
2358	527
1598	2358
2358	1598
782	2358
2358	782
674	2358
2358	674
1734	2358
2358	1734
2053	2358
2358	2053
949	2358
2358	949
1405	2373
2373	1405
1982	2373
2373	1982
1279	2358
2358	1279
2117	2358
2358	2117
179	2358
2358	179
999	2358
2358	999
1022	2358
2358	1022
1062	2623
2623	1062
865	2358
2358	865
262	2373
2373	262
1334	2373
2373	1334
983	2373
2373	983
2099	2358
2358	2099
324	2373
2373	324
1963	2358
2358	1963
2218	2373
2373	2218
2010	2358
2358	2010
2346	2358
2358	2346
1016	2358
2358	1016
1756	2417
2417	1756
956	2358
2358	956
367	2417
2417	367
1855	2358
2358	1855
2235	2358
2358	2235
919	2417
2417	919
843	2358
2358	843
1163	2417
2417	1163
350	2358
2358	350
86	2358
2358	86
2255	2417
2417	2255
1719	2358
2358	1719
1478	2358
2358	1478
2075	2358
2358	2075
1970	2358
2358	1970
1902	2417
2417	1902
1689	2358
2358	1689
9	2623
2623	9
2149	2358
2358	2149
688	2358
2358	688
724	2417
2417	724
1656	2358
2358	1656
2128	2417
2417	2128
2197	2373
2373	2197
607	2358
2358	607
1070	2358
2358	1070
1222	2373
2373	1222
51	2417
2417	51
2043	2373
2373	2043
1312	2373
2373	1312
1651	2417
2417	1651
1236	2358
2358	1236
1210	2373
2373	1210
1666	2623
2623	1666
805	2373
2373	805
2320	2358
2358	2320
464	2417
2417	464
1382	2417
2417	1382
977	2358
2358	977
1023	2623
2623	1023
1482	2358
2358	1482
238	2373
2373	238
1156	2358
2358	1156
1403	2373
2373	1403
636	2417
2417	636
692	2358
2358	692
1106	2623
2623	1106
1791	2373
2373	1791
63	2373
2373	63
2094	2373
2373	2094
1597	2358
2358	1597
2158	2358
2358	2158
2208	2358
2358	2208
1288	2358
2358	1288
1568	2417
2417	1568
463	2417
2417	463
2192	2358
2358	2192
2224	2358
2358	2224
629	2358
2358	629
1797	2358
2358	1797
2051	2373
2373	2051
326	2358
2358	326
579	2358
2358	579
875	2358
2358	875
1806	2417
2417	1806
446	2373
2373	446
1474	2358
2358	1474
971	2358
2358	971
335	2358
2358	335
244	2358
2358	244
1029	2373
2373	1029
1215	2417
2417	1215
327	2373
2373	327
146	2623
2623	146
1107	2358
2358	1107
879	2373
2373	879
617	2358
2358	617
140	2358
2358	140
606	2358
2358	606
1461	2623
2623	1461
239	2358
2358	239
960	2373
2373	960
948	2358
2358	948
485	2417
2417	485
2219	2358
2358	2219
176	2358
2358	176
2012	2358
2358	2012
697	2358
2358	697
734	2417
2417	734
836	2417
2417	836
280	2358
2358	280
885	2358
2358	885
99	2358
2358	99
693	2358
2358	693
1418	2358
2358	1418
2186	2358
2358	2186
1257	2358
2358	1257
760	2358
2358	760
1327	2358
2358	1327
1337	2373
2373	1337
1832	2417
2417	1832
1089	2373
2373	1089
352	2417
2417	352
861	2358
2358	861
916	2358
2358	916
602	2417
2417	602
1086	2373
2373	1086
139	2358
2358	139
588	2417
2417	588
1119	2358
2358	1119
130	2358
2358	130
663	2417
2417	663
1553	2373
2373	1553
2276	2358
2358	2276
1559	2358
2358	1559
1546	2373
2373	1546
601	2358
2358	601
1364	2417
2417	1364
951	2358
2358	951
1552	2417
2417	1552
1718	2373
2373	1718
1293	2358
2358	1293
1428	2373
2373	1428
1467	2358
2358	1467
1383	2623
2623	1383
2226	2358
2358	2226
1376	2358
2358	1376
87	2358
2358	87
427	2358
2358	427
1134	2373
2373	1134
2113	2373
2373	2113
1437	2358
2358	1437
1900	2358
2358	1900
2302	2373
2373	2302
1194	2417
2417	1194
1125	2358
2358	1125
623	2358
2358	623
122	2358
2358	122
1857	2358
2358	1857
361	2358
2358	361
1932	2358
2358	1932
288	2358
2358	288
1020	2358
2358	1020
1710	2358
2358	1710
638	2373
2373	638
1416	2358
2358	1416
1248	2358
2358	1248
978	2417
2417	978
1447	2358
2358	1447
839	2358
2358	839
443	2358
2358	443
754	2358
2358	754
263	2417
2417	263
388	2373
2373	388
1595	2373
2373	1595
1473	2373
2373	1473
2173	2358
2358	2173
851	2358
2358	851
1356	2373
2373	1356
285	2417
2417	285
1192	2417
2417	1192
145	2358
2358	145
2037	2358
2358	2037
1033	2358
2358	1033
168	2373
2373	168
1511	2623
2623	1511
1111	2417
2417	1111
1388	2417
2417	1388
1037	2358
2358	1037
348	2417
2417	348
1841	2358
2358	1841
1250	2373
2373	1250
1558	2358
2358	1558
1980	2417
2417	1980
1228	2417
2417	1228
414	2358
2358	414
174	2373
2373	174
795	2373
2373	795
774	2417
2417	774
1971	2417
2417	1971
1602	2373
2373	1602
2017	2358
2358	2017
779	2373
2373	779
368	2358
2358	368
357	2358
2358	357
2250	2358
2358	2250
166	2373
2373	166
1090	2358
2358	1090
1925	2358
2358	1925
669	2358
2358	669
2343	2417
2417	2343
198	2417
2417	198
768	2373
2373	768
363	2358
2358	363
769	2358
2358	769
48	2358
2358	48
424	2417
2417	424
862	2358
2358	862
544	2623
2623	544
241	2358
2358	241
1159	2358
2358	1159
1629	2417
2417	1629
1133	2358
2358	1133
92	2358
2358	92
1152	2623
2623	1152
2203	2358
2358	2203
716	2417
2417	716
1448	2358
2358	1448
325	2358
2358	325
1048	2358
2358	1048
1211	2358
2358	1211
349	2358
2358	349
2252	2623
2623	2252
2063	2417
2417	2063
94	2417
2417	94
2248	2358
2358	2248
330	2417
2417	330
2297	2358
2358	2297
2082	2373
2373	2082
413	2417
2417	413
1202	2417
2417	1202
1716	2358
2358	1716
1401	2358
2358	1401
813	2358
2358	813
2225	2358
2358	2225
1140	2358
2358	1140
173	2358
2358	173
175	2358
2358	175
494	2358
2358	494
1455	2358
2358	1455
1051	2358
2358	1051
1115	2358
2358	1115
1135	2373
2373	1135
1715	2417
2417	1715
2299	2358
2358	2299
1772	2358
2358	1772
371	2358
2358	371
338	2358
2358	338
226	2373
2373	226
291	2373
2373	291
1420	2358
2358	1420
1335	2358
2358	1335
1302	2358
2358	1302
2060	2417
2417	2060
2291	2358
2358	2291
210	2373
2373	210
529	2373
2373	529
661	2373
2373	661
71	2358
2358	71
1030	2417
2417	1030
1245	2417
2417	1245
207	2358
2358	207
1246	2417
2417	1246
1737	2358
2358	1737
201	2358
2358	201
274	2358
2358	274
2316	2358
2358	2316
680	2358
2358	680
1169	2417
2417	1169
11	2373
2373	11
1557	2358
2358	1557
1805	2358
2358	1805
1628	2373
2373	1628
909	2417
2417	909
1748	2358
2358	1748
2003	2358
2358	2003
610	2358
2358	610
860	2417
2417	860
1176	2623
2623	1176
22	2358
2358	22
1307	2358
2358	1307
1849	2358
2358	1849
1732	2358
2358	1732
1361	2373
2373	1361
2204	2417
2417	2204
675	2373
2373	675
1003	2358
2358	1003
1126	2358
2358	1126
2076	2358
2358	2076
1754	2373
2373	1754
1344	2358
2358	1344
333	2358
2358	333
493	2358
2358	493
1861	2358
2358	1861
1763	2358
2358	1763
806	2358
2358	806
532	2358
2358	532
220	2358
2358	220
55	2417
2417	55
209	2358
2358	209
323	2417
2417	323
2104	2358
2358	2104
1958	2358
2358	1958
1463	2417
2417	1463
2058	2358
2358	2058
2262	2373
2373	2262
1621	2373
2373	1621
1490	2373
2373	1490
1336	2358
2358	1336
845	2358
2358	845
848	2358
2358	848
29	2373
2373	29
341	2358
2358	341
1915	2623
2623	1915
1400	2417
2417	1400
876	2358
2358	876
1953	2417
2417	1953
2309	2358
2358	2309
1460	2417
2417	1460
439	2358
2358	439
337	2373
2373	337
1881	2358
2358	1881
1769	2358
2358	1769
1441	2358
2358	1441
1411	2358
2358	1411
585	2623
2623	585
401	2417
2417	401
1454	2358
2358	1454
2032	2373
2373	2032
1853	2417
2417	1853
1865	2417
2417	1865
1409	2358
2358	1409
192	2358
2358	192
1080	2358
2358	1080
232	2417
2417	232
120	2358
2358	120
2065	2358
2358	2065
1042	2373
2373	1042
611	2358
2358	611
996	2358
2358	996
1934	2358
2358	1934
138	2358
2358	138
1690	2417
2417	1690
1928	2373
2373	1928
528	2417
2417	528
158	2373
2373	158
1815	2373
2373	1815
793	2417
2417	793
708	2358
2358	708
1707	2358
2358	1707
2013	2358
2358	2013
1978	2358
2358	1978
2279	2358
2358	2279
1682	2358
2358	1682
1040	2358
2358	1040
905	2373
2373	905
736	2417
2417	736
2080	2373
2373	2080
417	2358
2358	417
1220	2623
2623	1220
869	2358
2358	869
1343	2358
2358	1343
1000	2417
2417	1000
1834	2358
2358	1834
1145	2373
2373	1145
842	2358
2358	842
1923	2373
2373	1923
1422	2358
2358	1422
1164	2623
2623	1164
2308	2358
2358	2308
1001	2358
2358	1001
177	2358
2358	177
149	2623
2623	149
749	2373
2373	749
1804	2358
2358	1804
1233	2417
2417	1233
603	2373
2373	603
2083	2373
2373	2083
868	2358
2358	868
297	2358
2358	297
1889	2373
2373	1889
170	2373
2373	170
1124	2358
2358	1124
15	2358
2358	15
2207	2417
2417	2207
318	2373
2373	318
2130	2358
2358	2130
1349	2623
2623	1349
504	2358
2358	504
2164	2358
2358	2164
196	2373
2373	196
1785	2358
2358	1785
1942	2358
2358	1942
1035	2358
2358	1035
1315	2358
2358	1315
1771	2373
2373	1771
2210	2417
2417	2210
1406	2358
2358	1406
147	2417
2417	147
1590	2358
2358	1590
658	2417
2417	658
372	2373
2373	372
821	2358
2358	821
162	2417
2417	162
394	2358
2358	394
917	2358
2358	917
1554	2358
2358	1554
40	2373
2373	40
1812	2358
2358	1812
1118	2358
2358	1118
54	2373
2373	54
395	2623
2623	395
1324	2358
2358	1324
157	2358
2358	157
934	2358
2358	934
745	2358
2358	745
1645	2358
2358	1645
1195	2623
2623	1195
2229	2358
2358	2229
1386	2358
2358	1386
84	2358
2358	84
2324	2417
2417	2324
729	2417
2417	729
870	2373
2373	870
7	2373
2373	7
1727	2373
2373	1727
382	2358
2358	382
1027	2373
2373	1027
1281	2373
2373	1281
1578	2417
2417	1578
1555	2373
2373	1555
838	2358
2358	838
2106	2373
2373	2106
802	2417
2417	802
172	2358
2358	172
753	2417
2417	753
222	2417
2417	222
339	2417
2417	339
762	2358
2358	762
1283	2373
2373	1283
1014	2373
2373	1014
223	2373
2373	223
415	2373
2373	415
595	2623
2623	595
1290	2358
2358	1290
131	2373
2373	131
293	2358
2358	293
1914	2358
2358	1914
1938	2358
2358	1938
1735	2358
2358	1735
1230	2417
2417	1230
725	2358
2358	725
1941	2358
2358	1941
2217	2417
2417	2217
604	2358
2358	604
195	2358
2358	195
776	2358
2358	776
995	2417
2417	995
1077	2373
2373	1077
77	2358
2358	77
1606	2358
2358	1606
159	2358
2358	159
1581	2373
2373	1581
757	2417
2417	757
871	2358
2358	871
128	2373
2373	128
2102	2358
2358	2102
208	2417
2417	208
110	2358
2358	110
303	2373
2373	303
1477	2417
2417	1477
1956	2373
2373	1956
2129	2358
2358	2129
471	2358
2358	471
1499	2358
2358	1499
577	2358
2358	577
1610	2417
2417	1610
720	2417
2417	720
1764	2358
2358	1764
75	2623
2623	75
892	2358
2358	892
726	2417
2417	726
823	2417
2417	823
691	2358
2358	691
1817	2417
2417	1817
2294	2358
2358	2294
2157	2358
2358	2157
1545	2358
2358	1545
1457	2417
2417	1457
1563	2373
2373	1563
56	2373
2373	56
947	2358
2358	947
1944	2358
2358	1944
2126	2373
2373	2126
2020	2358
2358	2020
1189	2373
2373	1189
275	2417
2417	275
476	2358
2358	476
1055	2358
2358	1055
1161	2417
2417	1161
2118	2417
2417	2118
124	2373
2373	124
866	2358
2358	866
1551	2358
2358	1551
68	2358
2358	68
1109	2417
2417	1109
890	2417
2417	890
1374	2358
2358	1374
2194	2373
2373	2194
1803	2358
2358	1803
670	2358
2358	670
1170	2417
2417	1170
930	2358
2358	930
19	2358
2358	19
1059	2358
2358	1059
707	2358
2358	707
492	2417
2417	492
2178	2358
2358	2178
1850	2373
2373	1850
1541	2358
2358	1541
1068	2373
2373	1068
872	2358
2358	872
723	2417
2417	723
2096	2358
2358	2096
624	2358
2358	624
96	2373
2373	96
2326	2358
2358	2326
1128	2358
2358	1128
856	2623
2623	856
1663	2358
2358	1663
985	2373
2373	985
1901	2373
2373	1901
212	2417
2417	212
398	2417
2417	398
2148	2373
2373	2148
780	2358
2358	780
16	2358
2358	16
102	2373
2373	102
702	2358
2358	702
1845	2417
2417	1845
2319	2358
2358	2319
959	2373
2373	959
1399	2417
2417	1399
1976	2358
2358	1976
830	2373
2373	830
1670	2358
2358	1670
935	2358
2358	935
1540	2358
2358	1540
1652	2623
2623	1652
1623	2373
2373	1623
257	2373
2373	257
106	2358
2358	106
1813	2358
2358	1813
1636	2358
2358	1636
944	2358
2358	944
336	2358
2358	336
854	2417
2417	854
2243	2373
2373	2243
573	2358
2358	573
1744	2358
2358	1744
2198	2358
2358	2198
181	2358
2358	181
1657	2417
2417	1657
167	2358
2358	167
962	2373
2373	962
2026	2358
2358	2026
2103	2358
2358	2103
1227	2373
2373	1227
1847	2358
2358	1847
36	2417
2417	36
1328	2373
2373	1328
938	2417
2417	938
639	2358
2358	639
2228	2623
2623	2228
487	2358
2358	487
1704	2417
2417	1704
1352	2358
2358	1352
1500	2358
2358	1500
526	2358
2358	526
989	2417
2417	989
1897	2358
2358	1897
2093	2358
2358	2093
211	2373
2373	211
1543	2358
2358	1543
1825	2358
2358	1825
998	2358
2358	998
475	2358
2358	475
1043	2358
2358	1043
926	2358
2358	926
1121	2358
2358	1121
14	2373
2373	14
242	2373
2373	242
609	2358
2358	609
548	2623
2623	548
1304	2358
2358	1304
141	2358
2358	141
752	2358
2358	752
1123	2358
2358	1123
2283	2358
2358	2283
1863	2358
2358	1863
322	2358
2358	322
1275	2417
2417	1275
2066	2358
2358	2066
1773	2358
2358	1773
2166	2623
2623	2166
2292	2358
2358	2292
53	2358
2358	53
731	2358
2358	731
598	2358
2358	598
1569	2417
2417	1569
1451	2358
2358	1451
6	2373
2373	6
1990	2623
2623	1990
225	2417
2417	225
206	2358
2358	206
1593	2373
2373	1593
1793	2358
2358	1793
1851	2358
2358	1851
1272	2358
2358	1272
251	2358
2358	251
1721	2373
2373	1721
1333	2358
2358	1333
1904	2358
2358	1904
1826	2373
2373	1826
1438	2358
2358	1438
1232	2623
2623	1232
2101	2358
2358	2101
1013	2358
2358	1013
8	2373
2373	8
2092	2358
2358	2092
1776	2358
2358	1776
3	2358
2358	3
1321	2358
2358	1321
1706	2358
2358	1706
1031	2358
2358	1031
1989	2623
2623	1989
438	2358
2358	438
2303	2373
2373	2303
2127	2417
2417	2127
1725	2358
2358	1725
31	2358
2358	31
2261	2623
2623	2261
2278	2358
2358	2278
1239	2417
2417	1239
191	2358
2358	191
696	2417
2417	696
41	2373
2373	41
652	2358
2358	652
1497	2373
2373	1497
873	2373
2373	873
735	2358
2358	735
516	2358
2358	516
2323	2358
2358	2323
1733	2358
2358	1733
2238	2358
2358	2238
1882	2358
2358	1882
1819	2417
2417	1819
1391	2417
2417	1391
366	2358
2358	366
200	2417
2417	200
1341	2417
2417	1341
1351	2417
2417	1351
1738	2358
2358	1738
416	2417
2417	416
184	2358
2358	184
1139	2358
2358	1139
1571	2417
2417	1571
920	2373
2373	920
894	2373
2373	894
1807	2358
2358	1807
855	2417
2417	855
698	2417
2417	698
928	2358
2358	928
2290	2373
2373	2290
631	2358
2358	631
1995	2358
2358	1995
1410	2358
2358	1410
1792	2417
2417	1792
1450	2358
2358	1450
346	2358
2358	346
67	2358
2358	67
1122	2358
2358	1122
694	2417
2417	694
684	2358
2358	684
486	2417
2417	486
479	2373
2373	479
1675	2358
2358	1675
633	2358
2358	633
1489	2358
2358	1489
245	2358
2358	245
273	2417
2417	273
430	2373
2373	430
2239	2358
2358	2239
858	2358
2358	858
1404	2373
2373	1404
840	2417
2417	840
186	2373
2373	186
1492	2373
2373	1492
331	2358
2358	331
1002	2358
2358	1002
1261	2358
2358	1261
1936	2358
2358	1936
1188	2417
2417	1188
2272	2417
2417	2272
237	2417
2417	237
2011	2358
2358	2011
240	2358
2358	240
1368	2417
2417	1368
1456	2417
2417	1456
408	2373
2373	408
278	2417
2417	278
1039	2358
2358	1039
95	2358
2358	95
1512	2417
2417	1512
1627	2358
2358	1627
1835	2623
2623	1835
758	2417
2417	758
118	2358
2358	118
1711	2373
2373	1711
180	2358
2358	180
1241	2358
2358	1241
1860	2358
2358	1860
2244	2358
2358	2244
2024	2373
2373	2024
490	2358
2358	490
39	2358
2358	39
1665	2358
2358	1665
1197	2623
2623	1197
628	2358
2358	628
387	2358
2358	387
1214	2417
2417	1214
355	2791
2791	355
465	2417
2417	465
108	2358
2358	108
518	2358
2358	518
1940	2373
2373	1940
650	2373
2373	650
66	2623
2623	66
12	2417
2417	12
1178	2417
2417	1178
1056	2373
2373	1056
1501	2358
2358	1501
1991	2417
2417	1991
1240	2623
2623	1240
1950	2358
2358	1950
2068	2358
2358	2068
1117	2358
2358	1117
1556	2373
2373	1556
1779	2417
2417	1779
182	2358
2358	182
1468	2358
2358	1468
1521	2417
2417	1521
2179	2358
2358	2179
2189	2358
2358	2189
164	2358
2358	164
2071	2358
2358	2071
973	2373
2373	973
1348	2623
2623	1348
1308	2417
2417	1308
931	2358
2358	931
2342	2358
2358	2342
1191	2358
2358	1191
2315	2358
2358	2315
1026	2417
2417	1026
864	2358
2358	864
2211	2373
2373	2211
1136	2358
2358	1136
1720	2373
2373	1720
1311	2373
2373	1311
308	2417
2417	308
1587	2417
2417	1587
1186	2417
2417	1186
62	2373
2373	62
632	2358
2358	632
2306	2358
2358	2306
320	2358
2358	320
1777	2623
2623	1777
1739	2358
2358	1739
1761	2358
2358	1761
1787	2358
2358	1787
381	2623
2623	381
1824	2358
2358	1824
213	2373
2373	213
1475	2358
2358	1475
591	2623
2623	591
2195	2373
2373	2195
1297	2358
2358	1297
1147	2358
2358	1147
2181	2358
2358	2181
1498	2358
2358	1498
1425	2417
2417	1425
1019	2358
2358	1019
1138	2358
2358	1138
445	2358
2358	445
1252	2417
2417	1252
1729	2358
2358	1729
798	2358
2358	798
525	2417
2417	525
389	2417
2417	389
574	2358
2358	574
1449	2358
2358	1449
2038	2373
2373	2038
1433	2358
2358	1433
230	2417
2417	230
114	2373
2373	114
221	2373
2373	221
153	2417
2417	153
1547	2358
2358	1547
2105	2358
2358	2105
260	2417
2417	260
964	2358
2358	964
1745	2358
2358	1745
844	2358
2358	844
107	2373
2373	107
111	2417
2417	111
93	2417
2417	93
233	2358
2358	233
1185	2358
2358	1185
1480	2623
2623	1480
597	2358
2358	597
791	2417
2417	791
2193	2358
2358	2193
1955	2358
2358	1955
1244	2358
2358	1244
1583	2358
2358	1583
1157	2358
2358	1157
1961	2417
2417	1961
1703	2358
2358	1703
1664	2373
2373	1664
1962	2358
2358	1962
2331	2358
2358	2331
477	2373
2373	477
2059	2623
2623	2059
1487	2358
2358	1487
770	2417
2417	770
515	2358
2358	515
2183	2358
2358	2183
1644	2358
2358	1644
1896	2358
2358	1896
969	2373
2373	969
1305	2358
2358	1305
483	2358
2358	483
1440	2358
2358	1440
1514	2358
2358	1514
1858	2358
2358	1858
963	2373
2373	963
1837	2358
2358	1837
1075	2358
2358	1075
2107	2373
2373	2107
1274	2358
2358	1274
1129	2358
2358	1129
742	2358
2358	742
1784	2358
2358	1784
883	2417
2417	883
1654	2373
2373	1654
980	2358
2358	980
853	2373
2373	853
1041	2358
2358	1041
2188	2358
2358	2188
2019	2358
2358	2019
1469	2358
2358	1469
1198	2623
2623	1198
104	2373
2373	104
1061	2358
2358	1061
74	2373
2373	74
974	2358
2358	974
986	2358
2358	986
955	2358
2358	955
634	2358
2358	634
1413	2358
2358	1413
2027	2373
2373	2027
2030	2373
2373	2030
2045	2417
2417	2045
154	2358
2358	154
307	2358
2358	307
161	2417
2417	161
116	2791
2791	116
317	2373
2373	317
271	2373
2373	271
1064	2358
2358	1064
593	2623
2623	593
2274	2358
2358	2274
2112	2417
2417	2112
295	2373
2373	295
587	2623
2623	587
2014	2417
2417	2014
1893	2373
2373	1893
26	2373
2373	26
1520	2417
2417	1520
2202	2358
2358	2202
990	2358
2358	990
270	2358
2358	270
1372	2623
2623	1372
1724	2623
2623	1724
219	2358
2358	219
640	2373
2373	640
2120	2417
2417	2120
1213	2358
2358	1213
1072	2373
2373	1072
1538	2358
2358	1538
296	2358
2358	296
2341	2358
2358	2341
126	2417
2417	126
2221	2358
2358	2221
449	2358
2358	449
1276	2373
2373	1276
785	2417
2417	785
1208	2417
2417	1208
1630	2358
2358	1630
1340	2358
2358	1340
1412	2358
2358	1412
1484	2373
2373	1484
109	2358
2358	109
383	2358
2358	383
1939	2373
2373	1939
1790	2373
2373	1790
1319	2358
2358	1319
97	2358
2358	97
913	2417
2417	913
236	2358
2358	236
2047	2358
2358	2047
1613	2417
2417	1613
2256	2417
2417	2256
1053	2417
2417	1053
2057	2373
2373	2057
906	2417
2417	906
1680	2358
2358	1680
1615	2358
2358	1615
891	2373
2373	891
857	2373
2373	857
2338	2358
2358	2338
1912	2417
2417	1912
984	2417
2417	984
799	2358
2358	799
1481	2373
2373	1481
205	2358
2358	205
279	2358
2358	279
1205	2417
2417	1205
2050	2358
2358	2050
2289	2358
2358	2289
1369	2417
2417	1369
1731	2417
2417	1731
2046	2358
2358	2046
61	2358
2358	61
400	2417
2417	400
412	2373
2373	412
1967	2417
2417	1967
751	2417
2417	751
1238	2417
2417	1238
2081	2358
2358	2081
714	2358
2358	714
1909	2358
2358	1909
794	2373
2373	794
1063	2358
2358	1063
2062	2373
2373	2062
450	2358
2358	450
877	2417
2417	877
746	2417
2417	746
358	2358
2358	358
2196	2417
2417	2196
47	2358
2358	47
2265	2373
2373	2265
302	2358
2358	302
2212	2417
2417	2212
683	2358
2358	683
1898	2373
2373	1898
1676	2358
2358	1676
1181	2623
2623	1181
1359	2417
2417	1359
1470	2358
2358	1470
812	2373
2373	812
1883	2417
2417	1883
1504	2373
2373	1504
837	2358
2358	837
1873	2373
2373	1873
1316	2373
2373	1316
1746	2358
2358	1746
1004	2373
2373	1004
434	2358
2358	434
457	2373
2373	457
2288	2373
2373	2288
2140	2417
2417	2140
1392	2417
2417	1392
937	2417
2417	937
933	2358
2358	933
137	2373
2373	137
832	2373
2373	832
169	2358
2358	169
50	2358
2358	50
826	2373
2373	826
299	2358
2358	299
2087	2358
2358	2087
897	2373
2373	897
425	2417
2417	425
608	2373
2373	608
229	2358
2358	229
255	2358
2358	255
402	2358
2358	402
380	2358
2358	380
1924	2358
2358	1924
886	2358
2358	886
301	2373
2373	301
1622	2417
2417	1622
2280	2358
2358	2280
1959	2417
2417	1959
1378	2417
2417	1378
1144	2417
2417	1144
1083	2358
2358	1083
509	2358
2358	509
1985	2417
2417	1985
1165	2623
2623	1165
1798	2417
2417	1798
135	2358
2358	135
511	2358
2358	511
657	2358
2358	657
1143	2373
2373	1143
817	2358
2358	817
1588	2417
2417	1588
810	2358
2358	810
1221	2373
2373	1221
1395	2417
2417	1395
788	2358
2358	788
801	2417
2417	801
112	2358
2358	112
737	2373
2373	737
797	2417
2417	797
1589	2358
2358	1589
2187	2358
2358	2187
1616	2417
2417	1616
1567	2358
2358	1567
575	2358
2358	575
2313	2358
2358	2313
572	2358
2358	572
1550	2358
2358	1550
703	2373
2373	703
1827	2358
2358	1827
1570	2358
2358	1570
792	2417
2417	792
1292	2373
2373	1292
91	2358
2358	91
578	2358
2358	578
276	2373
2373	276
441	2623
2623	441
354	2623
2623	354
2001	2358
2358	2001
144	2358
2358	144
314	2417
2417	314
690	2791
2791	690
1299	2358
2358	1299
1981	2358
2358	1981
1979	2373
2373	1979
1741	2358
2358	1741
582	2417
2417	582
1662	2373
2373	1662
478	2358
2358	478
1605	2358
2358	1605
1006	2373
2373	1006
925	2358
2358	925
1201	2623
2623	1201
1895	2417
2417	1895
1160	2358
2358	1160
37	2417
2417	37
163	2358
2358	163
547	2417
2417	547
966	2358
2358	966
13	2358
2358	13
804	2373
2373	804
1320	2358
2358	1320
1619	2623
2623	1619
2227	2358
2358	2227
193	2358
2358	193
488	2358
2358	488
1442	2358
2358	1442
88	2417
2417	88
119	2417
2417	119
83	2358
2358	83
1177	2417
2417	1177
2344	2358
2358	2344
965	2417
2417	965
1060	2358
2358	1060
1564	2358
2358	1564
1223	2358
2358	1223
215	2358
2358	215
1417	2417
2417	1417
1108	2358
2358	1108
1728	2417
2417	1728
105	2358
2358	105
922	2358
2358	922
1659	2417
2417	1659
594	2623
2623	594
2125	2417
2417	2125
1862	2373
2373	1862
407	2358
2358	407
287	2417
2417	287
803	2417
2417	803
2162	2358
2358	2162
1548	2358
2358	1548
1148	2417
2417	1148
1822	2623
2623	1822
1346	2358
2358	1346
1380	2358
2358	1380
859	2373
2373	859
2286	2358
2358	2286
1088	2358
2358	1088
281	2358
2358	281
1196	2417
2417	1196
1289	2417
2417	1289
1809	2358
2358	1809
1280	2358
2358	1280
828	2373
2373	828
156	2417
2417	156
660	2358
2358	660
259	2373
2373	259
1317	2373
2373	1317
1638	2358
2358	1638
765	2358
2358	765
1903	2791
2791	1903
1868	2358
2358	1868
272	2358
2358	272
1459	2358
2358	1459
1423	2358
2358	1423
987	2358
2358	987
25	2623
2623	25
1298	2373
2373	1298
730	2358
2358	730
187	2373
2373	187
133	2373
2373	133
571	2358
2358	571
2191	2373
2373	2191
1624	2373
2373	1624
1314	2417
2417	1314
1381	2358
2358	1381
1913	2623
2623	1913
612	2358
2358	612
1287	2358
2358	1287
2190	2358
2358	2190
2097	2358
2358	2097
2116	2623
2623	2116
310	2358
2358	310
722	2358
2358	722
1247	2417
2417	1247
972	2417
2417	972
1183	2358
2358	1183
1366	2358
2358	1366
1683	2358
2358	1683
497	2358
2358	497
1073	2373
2373	1073
1829	2358
2358	1829
1069	2358
2358	1069
531	2358
2358	531
635	2358
2358	635
2002	2358
2358	2002
695	2417
2417	695
365	2417
2417	365
2185	2358
2358	2185
194	2623
2623	194
165	2358
2358	165
249	2373
2373	249
807	2358
2358	807
101	2358
2358	101
1799	2358
2358	1799
1527	2358
2358	1527
936	2358
2358	936
1130	2358
2358	1130
1957	2417
2417	1957
1767	2373
2373	1767
17	2358
2358	17
1142	2417
2417	1142
2085	2373
2373	2085
1905	2358
2358	1905
311	2791
2791	311
1505	2373
2373	1505
915	2417
2417	915
1273	2417
2417	1273
45	2417
2417	45
1235	2358
2358	1235
772	2358
2358	772
1566	2358
2358	1566
2295	2373
2373	2295
1502	2358
2358	1502
1643	2358
2358	1643
827	2358
2358	827
500	2373
2373	500
152	2358
2358	152
1669	2373
2373	1669
360	2358
2358	360
2035	2417
2417	2035
1137	2358
2358	1137
1508	2358
2358	1508
1667	2373
2373	1667
2111	2417
2417	2111
1885	2417
2417	1885
134	2358
2358	134
887	2373
2373	887
1642	2358
2358	1642
975	2417
2417	975
2064	2358
2358	2064
744	2623
2623	744
841	2373
2373	841
28	2373
2373	28
2222	2358
2358	2222
1415	2417
2417	1415
1342	2358
2358	1342
743	2417
2417	743
228	2358
2358	228
373	2358
2358	373
132	2358
2358	132
988	2373
2373	988
2132	2373
2373	2132
1173	2623
2623	1173
700	2358
2358	700
261	2373
2373	261
1330	2791
2791	1330
1582	2373
2373	1582
1759	2417
2417	1759
1696	2358
2358	1696
2339	2358
2358	2339
502	2373
2373	502
2089	2358
2358	2089
1674	2358
2358	1674
605	2358
2358	605
1444	2417
2417	1444
924	2358
2358	924
21	2358
2358	21
501	2417
2417	501
80	2373
2373	80
1600	2358
2358	1600
151	2373
2373	151
1766	2358
2358	1766
596	2358
2358	596
654	2417
2417	654
2150	2358
2358	2150
334	2417
2417	334
747	2358
2358	747
277	2358
2358	277
1249	2358
2358	1249
286	2373
2373	286
1833	2417
2417	1833
874	2358
2358	874
1529	2417
2417	1529
59	2358
2358	59
1377	2358
2358	1377
878	2373
2373	878
1429	2373
2373	1429
2039	2373
2373	2039
1494	2358
2358	1494
910	2358
2358	910
1175	2623
2623	1175
1146	2373
2373	1146
442	2373
2373	442
247	2358
2358	247
994	2358
2358	994
1542	2623
2623	1542
907	2417
2417	907
43	2358
2358	43
474	2358
2358	474
218	2358
2358	218
23	2623
2623	23
72	2417
2417	72
347	2373
2373	347
309	2358
2358	309
1999	2358
2358	1999
808	2373
2373	808
1836	2358
2358	1836
2143	2417
2417	2143
1278	2417
2417	1278
993	2358
2358	993
1010	2358
2358	1010
266	2358
2358	266
1	2417
2417	1
711	2358
2358	711
461	2417
2417	461
227	2358
2358	227
305	2373
2373	305
5	2417
2417	5
622	2373
2373	622
4	2417
2417	4
651	2358
2358	651
1528	2358
2358	1528
1655	2623
2623	1655
1684	2373
2373	1684
923	2358
2358	923
340	2358
2358	340
1199	2623
2623	1199
1015	2358
2358	1015
581	2358
2358	581
689	2417
2417	689
1052	2417
2417	1052
1626	2358
2358	1626
1513	2358
2358	1513
946	2358
2358	946
687	2358
2358	687
57	2358
2358	57
1419	2373
2373	1419
125	2358
2358	125
1988	2623
2623	1988
880	2358
2358	880
2311	2358
2358	2311
377	2358
2358	377
1591	2373
2373	1591
150	2373
2373	150
1044	2358
2358	1044
1775	2623
2623	1775
1021	2417
2417	1021
1187	2358
2358	1187
2199	2358
2358	2199
2159	2358
2358	2159
1012	2373
2373	1012
1637	2417
2417	1637
1960	2417
2417	1960
1852	2417
2417	1852
403	2417
2417	403
789	2623
2623	789
1091	2358
2358	1091
2284	2358
2358	2284
1998	2358
2358	1998
491	2417
2417	491
2251	2358
2358	2251
952	2373
2373	952
1585	2373
2373	1585
1306	2358
2358	1306
646	2358
2358	646
1084	2358
2358	1084
451	2417
2417	451
1009	2358
2358	1009
1079	2358
2358	1079
300	2358
2358	300
543	2623
2623	543
1713	2417
2417	1713
183	2417
2417	183
356	2358
2358	356
630	2373
2373	630
507	2358
2358	507
2055	2358
2358	2055
1843	2358
2358	1843
1365	2358
2358	1365
129	2373
2373	129
1296	2358
2358	1296
834	2358
2358	834
34	2417
2417	34
2223	2358
2358	2223
1353	2791
2791	1353
1987	2623
2623	1987
942	2417
2417	942
100	2358
2358	100
1594	2417
2417	1594
1844	2358
2358	1844
1534	2417
2417	1534
1310	2417
2417	1310
2056	2373
2373	2056
1300	2358
2358	1300
1506	2358
2358	1506
52	2358
2358	52
2281	2358
2358	2281
455	2358
2358	455
1864	2373
2373	1864
614	2358
2358	614
1358	2358
2358	1358
1507	2417
2417	1507
1394	2373
2373	1394
1065	2358
2358	1065
224	2358
2358	224
642	2623
2623	642
316	2373
2373	316
997	2417
2417	997
2095	2358
2358	2095
822	2373
2373	822
896	2358
2358	896
312	2358
2358	312
2206	2358
2358	2206
2245	2358
2358	2245
2098	2417
2417	2098
829	2417
2417	829
653	2417
2417	653
1712	2623
2623	1712
1357	2373
2373	1357
1150	2417
2417	1150
1200	2623
2623	1200
2069	2417
2417	2069
1149	2417
2417	1149
453	2358
2358	453
1426	2358
2358	1426
645	2358
2358	645
1207	2417
2417	1207
1407	2417
2417	1407
160	2358
2358	160
649	2623
2623	649
1846	2358
2358	1846
2213	2358
2358	2213
254	2358
2358	254
616	2358
2358	616
1050	2417
2417	1050
1986	2623
2623	1986
1058	2373
2373	1058
1964	2417
2417	1964
1081	2358
2358	1081
1256	2417
2417	1256
2049	2358
2358	2049
1434	2358
2358	1434
2287	2358
2358	2287
1740	2358
2358	1740
328	2358
2358	328
127	2358
2358	127
1318	2358
2358	1318
961	2417
2417	961
613	2358
2358	613
710	2358
2358	710
773	2358
2358	773
1800	2358
2358	1800
2061	2373
2373	2061
289	2358
2358	289
2177	2358
2358	2177
1435	2417
2417	1435
1612	2358
2358	1612
576	2358
2358	576
1071	2358
2358	1071
739	2358
2358	739
1025	2358
2358	1025
495	2373
2373	495
268	2358
2358	268
677	2358
2358	677
819	2373
2373	819
117	2358
2358	117
217	2373
2373	217
2318	2358
2358	2318
2110	2358
2358	2110
1786	2373
2373	1786
2160	2358
2358	2160
533	2358
2358	533
508	2373
2373	508
1017	2358
2358	1017
1446	2358
2358	1446
2277	2358
2358	2277
1260	2417
2417	1260
2180	2358
2358	2180
399	2373
2373	399
939	2373
2373	939
391	2358
2358	391
2023	2358
2358	2023
1443	2373
2373	1443
852	2358
2358	852
902	2358
2358	902
699	2417
2417	699
306	2358
2358	306
1768	2358
2358	1768
2000	2358
2358	2000
1699	2358
2358	1699
1362	2373
2373	1362
1331	2358
2358	1331
234	2373
2373	234
1049	2373
2373	1049
1209	2373
2373	1209
1057	2373
2373	1057
2259	2373
2373	2259
38	2417
2417	38
1110	2417
2417	1110
764	2417
2417	764
344	2358
2358	344
1867	2417
2417	1867
1911	2623
2623	1911
833	2358
2358	833
1647	2623
2623	1647
1491	2373
2373	1491
1876	2417
2417	1876
2005	2358
2358	2005
188	2358
2358	188
1632	2358
2358	1632
1360	2417
2417	1360
2267	2373
2373	2267
1166	2417
2417	1166
908	2358
2358	908
1778	2358
2358	1778
214	2358
2358	214
1120	2358
2358	1120
950	2373
2373	950
2016	2417
2417	2016
1085	2417
2417	1085
1167	2417
2417	1167
1575	2417
2417	1575
981	2358
2358	981
847	2358
2358	847
1592	2358
2358	1592
1673	2417
2417	1673
2325	2358
2358	2325
814	2373
2373	814
30	2358
2358	30
1294	2358
2358	1294
503	2358
2358	503
1639	2358
2358	1639
637	2358
2358	637
69	2417
2417	69
914	2358
2358	914
2312	2358
2358	2312
2254	2358
2358	2254
472	2417
2417	472
24	2358
2358	24
1338	2417
2417	1338
282	2373
2373	282
143	2358
2358	143
912	2358
2358	912
1603	2358
2358	1603
1131	2358
2358	1131
1677	2358
2358	1677
2333	2417
2417	2333
231	2358
2358	231
514	2358
2358	514
1722	2417
2417	1722
1154	2373
2373	1154
1113	2358
2358	1113
2307	2358
2358	2307
456	2358
2358	456
216	2417
2417	216
2200	2358
2358	2200
1890	2373
2373	1890
2161	2358
2358	2161
484	2358
2358	484
1127	2358
2358	1127
1757	2358
2358	1757
2021	2358
2358	2021
1635	2358
2358	1635
1726	2417
2417	1726
1439	2373
2373	1439
1820	2358
2358	1820
1155	2358
2358	1155
1363	2417
2417	1363
444	2358
2358	444
2122	2417
2417	2122
432	2373
2373	432
2314	2358
2358	2314
171	2373
2373	171
283	2358
2358	283
778	2358
2358	778
2264	2373
2373	2264
927	2358
2358	927
436	2373
2373	436
2100	2358
2358	2100
265	2373
2373	265
1036	2358
2358	1036
1750	2358
2358	1750
42	2373
2373	42
1291	2358
2358	1291
375	2358
2358	375
2321	2373
2373	2321
2006	2358
2358	2006
2205	2358
2358	2205
2257	2417
2417	2257
1453	2358
2358	1453
2345	2358
2358	2345
1427	2358
2358	1427
1920	2358
2358	1920
777	2417
2417	777
524	2358
2358	524
1464	2623
2623	1464
1614	2417
2417	1614
1350	2358
2358	1350
1891	2417
2417	1891
954	2358
2358	954
1617	2417
2417	1617
1870	2358
2358	1870
292	2358
2358	292
2040	2373
2373	2040
1424	2358
2358	1424
771	2358
2358	771
564	2417
2417	564
1171	2417
2417	1171
1116	2358
2358	1116
790	2417
2417	790
811	2373
2373	811
849	2358
2358	849
1430	2417
2417	1430
1389	2417
2417	1389
393	2358
2358	393
1390	2417
2417	1390
18	2373
2373	18
715	2358
2358	715
2236	2358
2358	2236
929	2358
2358	929
342	2373
2373	342
1472	2358
2358	1472
304	2417
2417	304
2142	2417
2417	2142
2042	2417
2417	2042
766	2358
2358	766
705	2373
2373	705
1945	2358
2358	1945
1916	2358
2358	1916
1660	2373
2373	1660
370	2373
2373	370
123	2358
2358	123
2088	2358
2358	2088
1396	2373
2373	1396
1385	2358
2358	1385
1237	2373
2373	1237
824	2373
2373	824
0	2623
2623	0
392	2358
2358	392
1445	2417
2417	1445
20	2358
2358	20
899	2358
2358	899
676	2358
2358	676
1601	2373
2373	1601
867	2358
2358	867
2041	2373
2373	2041
452	2358
2358	452
2052	2417
2417	2052
1604	2358
2358	1604
1620	2358
2358	1620
1631	2373
2373	1631
197	2623
2623	197
1572	2358
2358	1572
945	2358
2358	945
941	2373
2373	941
1182	2358
2358	1182
775	2373
2373	775
1749	2358
2358	1749
953	2417
2417	953
155	2417
2417	155
2176	2358
2358	2176
1762	2358
2358	1762
252	2417
2417	252
190	2358
2358	190
1286	2358
2358	1286
419	2358
2358	419
570	2623
2623	570
721	2358
2358	721
2266	2358
2358	2266
98	2358
2358	98
1046	2358
2358	1046
2298	2623
2623	2298
1888	2373
2373	1888
199	2373
2373	199
384	2373
2373	384
1671	2623
2623	1671
203	2358
2358	203
1760	2417
2417	1760
522	2358
2358	522
1217	2358
2358	1217
2182	2358
2358	2182
2253	2417
2417	2253
1994	2358
2358	1994
2216	2623
2623	2216
1984	2373
2373	1984
1431	2373
2373	1431
521	2417
2417	521
284	2417
2417	284
1549	2358
2358	1549
1937	2358
2358	1937
1326	2358
2358	1326
545	2417
2417	545
1184	2358
2358	1184
1082	2358
2358	1082
796	2373
2373	796
583	2623
2623	583
1024	2373
2373	1024
1332	2358
2358	1332
1730	2417
2417	1730
2201	2358
2358	2201
1933	2358
2358	1933
1752	2358
2358	1752
90	2373
2373	90
1402	2373
2373	1402
759	2417
2417	759
1561	2358
2358	1561
2004	2358
2358	2004
741	2417
2417	741
44	2358
2358	44
1282	2358
2358	1282
643	2358
2358	643
580	2358
2358	580
1471	2358
2358	1471
686	2358
2358	686
850	2358
2358	850
781	2373
2373	781
2124	2623
2623	2124
1219	2358
2358	1219
1329	2358
2358	1329
882	2358
2358	882
863	2358
2358	863
1066	2358
2358	1066
321	2417
2417	321
1231	2623
2623	1231
1485	2358
2358	1485
1801	2373
2373	1801
1495	2358
2358	1495
1432	2358
2358	1432
2131	2373
2373	2131
1313	2373
2373	1313
2317	2358
2358	2317
968	2358
2358	968
1866	2373
2373	1866
1323	2358
2358	1323
1886	2417
2417	1886
1067	2373
2373	1067
1028	2358
2358	1028
1384	2358
2358	1384
470	2358
2358	470
374	2358
2358	374
1462	2623
2623	1462
1668	2358
2358	1668
520	2358
2358	520
1414	2417
2417	1414
943	2373
2373	943
1229	2623
2623	1229
290	2358
2358	290
1322	2417
2417	1322
70	2358
2358	70
204	2358
2358	204
2	2373
2373	2
58	2358
2358	58
750	2373
2373	750
269	2373
2373	269
