279	6070
6070	279
1142	3727
3727	1142
1877	2680
2680	1877
2245	2703
2703	2245
1140	3531
3531	1140
2092	3043
3043	2092
1153	5794
5794	1153
1277	6062
6062	1277
1636	6354
6354	1636
1893	2420
2420	1893
422	5394
5394	422
403	5350
5350	403
1564	3115
3115	1564
1863	5212
5212	1863
1754	3401
3401	1754
1327	3084
3084	1327
1884	4758
4758	1884
1647	2610
2610	1647
208	5427
5427	208
2175	2863
2863	2175
951	6071
6071	951
1356	3699
3699	1356
1355	5612
5612	1355
720	2590
2590	720
1075	2687
2687	1075
1363	3020
3020	1363
2112	3091
3091	2112
2037	4952
4952	2037
1968	2980
2980	1968
459	4569
4569	459
1799	2905
2905	1799
758	3426
3426	758
1596	6147
6147	1596
2167	3644
3644	2167
1871	3092
3092	1871
2083	2979
2979	2083
2236	3205
3205	2236
584	3495
3495	584
1745	2711
2711	1745
219	3156
3156	219
577	5626
5626	577
2266	2372
2372	2266
96	4838
4838	96
323	3192
3192	323
1738	4442
4442	1738
2154	5455
5455	2154
1949	5236
5236	1949
514	4534
4534	514
1340	3929
3929	1340
1314	2431
2431	1314
143	5177
5177	143
1119	2493
2493	1119
907	6076
6076	907
414	4404
4404	414
1595	3017
3017	1595
935	3548
3548	935
312	3325
3325	312
377	5116
5116	377
2096	4327
4327	2096
1109	3316
3316	1109
157	2874
2874	157
1711	2400
2400	1711
2252	6040
6040	2252
793	2458
2458	793
1723	3159
3159	1723
806	4792
4792	806
526	4811
4811	526
1962	2495
2495	1962
688	4463
4463	688
1795	4602
4602	1795
1868	4819
4819	1868
918	3895
3895	918
701	4457
4457	701
1083	2899
2899	1083
1126	5578
5578	1126
644	4215
4215	644
1966	2515
2515	1966
1619	5728
5728	1619
1089	4485
4485	1089
723	3070
3070	723
72	5574
5574	72
2087	2723
2723	2087
363	3501
3501	363
854	6256
6256	854
1003	5830
5830	1003
236	3002
3002	236
1686	2531
2531	1686
556	2939
2939	556
1967	5835
5835	1967
1409	3600
3600	1409
881	6332
6332	881
790	2458
2458	790
285	3278
3278	285
695	4963
4963	695
317	2495
2495	317
1523	6238
6238	1523
180	6071
6071	180
2293	5749
5749	2293
1590	3669
3669	1590
55	5681
5681	55
1122	5235
5235	1122
1240	2815
2815	1240
866	5273
5273	866
901	6379
6379	901
2185	6392
6392	2185
1767	3910
3910	1767
1980	5715
5715	1980
44	6218
6218	44
1041	3208
3208	1041
2102	3516
3516	2102
867	2568
2568	867
2194	2982
2982	2194
107	3123
3123	107
856	4355
4355	856
1030	3046
3046	1030
384	3208
3208	384
1515	5527
5527	1515
1939	4741
4741	1939
2053	6494
6494	2053
1365	3976
3976	1365
123	3646
3646	123
1130	6077
6077	1130
1367	2723
2723	1367
362	5393
5393	362
852	4950
4950	852
2160	5066
5066	2160
330	2499
2499	330
2109	3495
3495	2109
457	3401
3401	457
1378	5427
5427	1378
2097	4485
4485	2097
1838	4429
4429	1838
920	3260
3260	920
623	2717
2717	623
1690	2993
2993	1690
1375	3057
3057	1375
1672	2980
2980	1672
1864	2420
2420	1864
2330	5422
5422	2330
301	2699
2699	301
88	3020
3020	88
993	3043
3043	993
1643	2372
2372	1643
84	3386
3386	84
83	3070
3070	83
43	2491
2491	43
1171	5223
5223	1171
1689	3338
3338	1689
1507	4940
4940	1507
2332	4370
4370	2332
1310	2431
2431	1310
1748	2649
2649	1748
564	2897
2897	564
431	2503
2503	431
2198	2982
2982	2198
1159	3020
3020	1159
406	3557
3557	406
1125	6429
6429	1125
1825	3020
3020	1825
1594	4008
4008	1594
1148	4256
4256	1148
2178	4401
4401	2178
121	4482
4482	121
508	3994
3994	508
2018	5404
5404	2018
233	2842
2842	233
456	4243
4243	456
1352	6525
6525	1352
1311	2593
2593	1311
515	5256
5256	515
229	4208
4208	229
818	4386
4386	818
440	6070
6070	440
2328	5984
5984	2328
669	4700
4700	669
118	4201
4201	118
1266	6098
6098	1266
961	2401
2401	961
516	6074
6074	516
1706	4164
4164	1706
2003	3895
3895	2003
724	3043
3043	724
1937	6509
6509	1937
2265	3633
3633	2265
1529	4320
4320	1529
1925	3017
3017	1925
283	2913
2913	283
276	4376
4376	276
657	4394
4394	657
2005	4442
4442	2005
2080	4554
4554	2080
1110	3643
3643	1110
39	2977
2977	39
1278	6112
6112	1278
795	2973
2973	795
840	3086
3086	840
2106	5061
5061	2106
1500	2703
2703	1500
272	2383
2383	272
416	4371
4371	416
115	2352
2352	115
1258	5003
5003	1258
400	2407
2407	400
2210	4394
4394	2210
1358	6372
6372	1358
444	3200
3200	444
631	2905
2905	631
1890	3918
3918	1890
1973	4953
4953	1973
1823	4624
4624	1823
1324	5172
5172	1324
1856	4913
4913	1856
1251	4292
4292	1251
432	3643
3643	432
2025	6317
6317	2025
523	6080
6080	523
210	3209
3209	210
1536	6042
6042	1536
1224	4368
4368	1224
532	3469
3469	532
135	3071
3071	135
1032	2575
2575	1032
925	5130
5130	925
1027	3002
3002	1027
1842	3026
3026	1842
410	5317
5317	410
1841	5753
5753	1841
730	2846
2846	730
528	2982
2982	528
899	5436
5436	899
2044	4753
4753	2044
476	5590
5590	476
1455	4307
4307	1455
2176	3344
3344	2176
1992	2943
2943	1992
612	5493
5493	612
2131	3115
3115	2131
1164	4050
4050	1164
2341	3135
3135	2341
465	2916
2916	465
922	6044
6044	922
161	4769
4769	161
770	4966
4966	770
1805	3344
3344	1805
2324	4442
4442	2324
1218	2799
2799	1218
1112	6579
6579	1112
681	3664
3664	681
786	2570
2570	786
336	3953
3953	336
1704	4175
4175	1704
1450	3796
3796	1450
350	5135
5135	350
1132	3951
3951	1132
1244	3533
3533	1244
1163	4915
4915	1163
949	3289
3289	949
2298	4946
4946	2298
222	6609
6609	222
1390	4090
4090	1390
2035	2729
2729	2035
1016	2399
2399	1016
1936	5488
5488	1936
438	6666
6666	438
1021	5510
5510	1021
1402	3070
3070	1402
1819	4457
4457	1819
164	5610
5610	164
875	3373
3373	875
471	5689
5689	471
1006	2539
2539	1006
154	4547
4547	154
2345	4080
4080	2345
1827	4660
4660	1827
594	6358
6358	594
769	3578
3578	769
1614	4860
4860	1614
1087	5416
5416	1087
1038	6596
6596	1038
718	6639
6639	718
1393	2383
2383	1393
2010	4352
4352	2010
1423	5766
5766	1423
2205	3344
3344	2205
488	3043
3043	488
834	3298
3298	834
2202	6629
6629	2202
2033	2979
2979	2033
1496	4215
4215	1496
293	5951
5951	293
930	5656
5656	930
638	3115
3115	638
1977	2998
2998	1977
1452	3934
3934	1452
428	3067
3067	428
525	3534
3534	525
1298	5791
5791	1298
401	5003
5003	401
2281	2729
2729	2281
1368	2723
2723	1368
1348	5159
5159	1348
929	4568
4568	929
430	2699
2699	430
1195	3159
3159	1195
478	4221
4221	478
2277	6023
6023	2277
1001	3190
3190	1001
106	2383
2383	106
1923	5124
5124	1923
1976	6719
6719	1976
296	2804
2804	296
690	6469
6469	690
316	4523
4523	316
454	5098
5098	454
1969	4457
4457	1969
885	4516
4516	885
1528	4168
4168	1528
1620	4455
4455	1620
2248	2973
2973	2248
519	2699
2699	519
371	2446
2446	371
1493	6248
6248	1493
2233	5342
5342	2233
242	2495
2495	242
987	5894
5894	987
1583	3593
3593	1583
2132	5256
5256	2132
1070	4843
4843	1070
1585	2617
2617	1585
1577	5326
5326	1577
2261	4292
4292	2261
334	3400
3400	334
1156	2508
2508	1156
1693	6003
6003	1693
1935	4692
4692	1935
2192	2864
2864	2192
1567	4386
4386	1567
837	5289
5289	837
1606	4385
4385	1606
2021	6404
6404	2021
597	5318
5318	597
1576	3422
3422	1576
2304	3896
3896	2304
739	5936
5936	739
1275	2733
2733	1275
56	4279
4279	56
1005	3806
3806	1005
99	4442
4442	99
1965	2853
2853	1965
2180	4401
4401	2180
2273	2531
2531	2273
2317	3231
3231	2317
204	2402
2402	204
71	5502
5502	71
676	3551
3551	676
1875	3288
3288	1875
2081	2655
2655	2081
1017	3589
3589	1017
1415	5279
5279	1415
1446	6373
6373	1446
633	3655
3655	633
645	5206
5206	645
286	4279
4279	286
1347	3566
3566	1347
1469	5399
5399	1469
660	3353
3353	660
35	5178
5178	35
1921	4580
4580	1921
2240	5310
5310	2240
2030	6092
6092	2030
531	3399
3399	531
905	3640
3640	905
578	3162
3162	578
707	2706
2706	707
1727	5345
5345	1727
849	6203
6203	849
1858	2846
2846	1858
1516	4866
4866	1516
1077	4236
4236	1077
721	2446
2446	721
1954	5993
5993	1954
787	6569
6569	787
1284	4064
4064	1284
530	4900
4900	530
2123	2674
2674	2123
2242	4259
4259	2242
2135	2837
2837	2135
2334	6287
6287	2334
2207	3927
3927	2207
78	4697
4697	78
1427	2982
2982	1427
461	5697
5697	461
1175	2457
2457	1175
574	3878
3878	574
555	6542
6542	555
975	3982
3982	975
1586	4822
4822	1586
1300	3517
3517	1300
997	3004
3004	997
437	2805
2805	437
572	3559
3559	572
2114	4222
4222	2114
844	2508
2508	844
1950	3561
3561	1950
2071	2929
2929	2071
2289	2352
2352	2289
1341	3929
3929	1341
1772	4448
4448	1772
1518	4866
4866	1518
1631	2628
2628	1631
1453	4470
4470	1453
15	2454
2454	15
1435	2642
2642	1435
1730	3426
3426	1730
357	2885
2885	357
537	3125
3125	537
2150	4154
4154	2150
1861	4457
4457	1861
1210	2407
2407	1210
1649	2372
2372	1649
1263	3687
3687	1263
349	3402
3402	349
1865	6558
6558	1865
1816	4714
4714	1816
1881	4607
4607	1881
453	4292
4292	453
1334	2539
2539	1334
2342	3652
3652	2342
700	3975
3975	700
1685	5014
5014	1685
1867	3560
3560	1867
397	6723
6723	397
1721	3818
3818	1721
1888	2833
2833	1888
1739	3729
3729	1739
2196	6043
6043	2196
1205	2865
2865	1205
1732	4017
4017	1732
1345	6391
6391	1345
1056	4185
4185	1056
1763	5840
5840	1763
617	4575
4575	617
667	5480
5480	667
25	5486
5486	25
879	3017
3017	879
1129	3399
3399	1129
517	5881
5881	517
2023	3070
3070	2023
254	3523
3523	254
2250	3623
3623	2250
891	4633
4633	891
2174	2531
2531	2174
2312	3811
3811	2312
1117	2973
2973	1117
12	2489
2489	12
2007	2531
2531	2007
1432	2979
2979	1432
1584	3440
3440	1584
569	4906
4906	569
335	4834
4834	335
264	2653
2653	264
1216	3972
3972	1216
492	3289
3289	492
1293	4820
4820	1293
1252	3817
3817	1252
2047	2582
2582	2047
1473	3149
3149	1473
1725	6208
6208	1725
1458	2979
2979	1458
1429	2920
2920	1429
910	2383
2383	910
234	3401
3401	234
1635	3706
3706	1635
2042	3649
3649	2042
346	2776
2776	346
1256	4478
4478	1256
1982	5212
5212	1982
1571	3636
3636	1571
1512	5590
5590	1512
838	3942
3942	838
870	4925
4925	870
1037	5908
5908	1037
1236	4701
4701	1236
174	4050
4050	174
2153	2801
2801	2153
2140	2433
2433	2140
1683	3129
3129	1683
876	4105
4105	876
1983	4444
4444	1983
396	3334
3334	396
85	3864
3864	85
1905	4633
4633	1905
505	5760
5760	505
28	2997
2997	28
2138	6270
6270	2138
1840	2846
2846	1840
235	3437
3437	235
1592	2420
2420	1592
91	3273
3273	91
932	3295
3295	932
326	3192
3192	326
5	5505
5505	5
1970	3382
3382	1970
1902	2441
2441	1902
152	4282
4282	152
626	6018
6018	626
1474	6390
6390	1474
1557	4041
4041	1557
165	2874
2874	165
249	4285
4285	249
1315	4827
4827	1315
2270	5469
5469	2270
1203	2388
2388	1203
2051	3643
3643	2051
1009	4376
4376	1009
696	3483
3483	696
1036	2835
2835	1036
1543	2548
2548	1543
583	5055
5055	583
2168	4901
4901	2168
131	5339
5339	131
1712	3148
3148	1712
1014	4651
4651	1014
1961	4196
4196	1961
742	3437
3437	742
1359	3086
3086	1359
659	4831
4831	659
1628	2628
2628	1628
1991	2679
2679	1991
2041	4642
4642	2041
622	3729
3729	622
2249	3441
3441	2249
1295	3532
3532	1295
672	2875
2875	672
1155	3209
3209	1155
1778	4818
4818	1778
1734	3671
3671	1734
1274	4164
4164	1274
553	4058
4058	553
289	4285
4285	289
1307	3975
3975	1307
2331	3113
3113	2331
1406	5212
5212	1406
1747	3071
3071	1747
1165	6131
6131	1165
991	5761
5761	991
412	2913
2913	412
664	4569
4569	664
1221	3489
3489	1221
916	3604
3604	916
1273	6091
6091	1273
983	3515
3515	983
621	6448
6448	621
2166	2700
2700	2166
1374	3311
3311	1374
196	4425
4425	196
287	4175
4175	287
194	3401
3401	194
171	5502
5502	171
2040	3812
3812	2040
351	3311
3311	351
1191	5034
5034	1191
21	3149
3149	21
878	3070
3070	878
80	4956
4956	80
1460	6021
6021	1460
535	3349
3349	535
756	4370
4370	756
9	2372
2372	9
2078	6616
6616	2078
2284	5305
5305	2284
1910	4659
4659	1910
452	6679
6679	452
424	4358
4358	424
36	3773
3773	36
973	5406
5406	973
2101	4313
4313	2101
30	5077
5077	30
259	4185
4185	259
1726	2433
2433	1726
54	3344
3344	54
310	3402
3402	310
1253	2979
2979	1253
877	3408
3408	877
354	4175
4175	354
755	6318
6318	755
2296	2833
2833	2296
1309	2563
2563	1309
100	6535
6535	100
1597	4695
4695	1597
1758	5758
5758	1758
324	4741
4741	324
212	2514
2514	212
295	3469
3469	295
2179	4401
4401	2179
760	2877
2877	760
262	4173
4173	262
655	3587
3587	655
764	5804
5804	764
318	3020
3020	318
1280	4474
4474	1280
2124	5189
5189	2124
1744	3071
3071	1744
1755	4256
4256	1755
1625	4285
4285	1625
522	5370
5370	522
977	4017
4017	977
1943	6665
6665	1943
670	4206
4206	670
1057	4987
4987	1057
1911	2985
2985	1911
592	6580
6580	592
2327	2426
2426	2327
1933	2905
2905	1933
199	3402
3402	199
1673	4178
4178	1673
1386	2383
2383	1386
136	5031
5031	136
1684	3812
3812	1684
166	3135
3135	166
652	3584
3584	652
2001	5508
5508	2001
162	2370
2370	162
370	2683
2683	370
1630	2628
2628	1630
1436	4272
4272	1436
1176	3403
3403	1176
774	3192
3192	774
1482	3860
3860	1482
1887	5933
5933	1887
2022	6709
6709	2022
2325	5775
5775	2325
1162	5602
5602	1162
1850	3305
3305	1850
650	5424
5424	650
1333	5474
5474	1333
257	3489
3489	257
773	3267
3267	773
575	5574
5574	575
27	3656
3656	27
31	2402
2402	31
366	4155
4155	366
435	5866
5866	435
328	3729
3729	328
38	2729
2729	38
1	3070
3070	1
1622	4497
4497	1622
1917	5950
5950	1917
1492	2568
2568	1492
1985	5125
5125	1985
2045	3043
3043	2045
1565	4633
4633	1565
1201	3403
3403	1201
752	2804
2804	752
557	2658
2658	557
1728	2433
2433	1728
2329	2725
2725	2329
1200	4537
4537	1200
2122	3000
3000	2122
284	6196
6196	284
1519	4196
4196	1519
1837	3469
3469	1837
1107	3043
3043	1107
674	5776
5776	674
1708	3017
3017	1708
1118	2572
2572	1118
802	3688
3688	802
1093	2607
2607	1093
874	3282
3282	874
1664	3070
3070	1664
1454	3059
3059	1454
1930	3664
3664	1930
2336	3050
3050	2336
1504	6321
6321	1504
1010	2352
2352	1010
1392	2383
2383	1392
1194	2973
2973	1194
1331	3120
3120	1331
1764	6301
6301	1764
620	6680
6680	620
1329	4575
4575	1329
1831	3851
3851	1831
201	3884
3884	201
1207	3158
3158	1207
1082	3377
3377	1082
1582	2503
2503	1582
1741	5747
5747	1741
2069	3483
3483	2069
360	4662
4662	360
1828	4916
4916	1828
331	2503
2503	331
2287	4819
4819	2287
150	6493
6493	150
2074	2407
2407	2074
541	3505
3505	541
1779	4732
4732	1779
270	2508
2508	270
1261	2495
2495	1261
539	3406
3406	539
1847	5827
5827	1847
1495	5838
5838	1495
869	5846
5846	869
656	5904
5904	656
2181	5424
5424	2181
1349	2402
2402	1349
2204	4196
4196	2204
1940	2536
2536	1940
1400	3020
3020	1400
1533	4750
4750	1533
2062	4575
4575	2062
1552	4882
4882	1552
1020	6323
6323	1020
1885	2982
2982	1885
353	4731
4731	353
1199	3288
3288	1199
853	2401
2401	853
1002	5976
5976	1002
63	2539
2539	63
1971	5743
5743	1971
1677	2604
2604	1677
177	6103
6103	177
2222	5237
5237	2222
729	4017
4017	729
968	4830
4830	968
1076	5558
5558	1076
673	4348
4348	673
1366	2723
2723	1366
2075	2446
2446	2075
865	2599
2599	865
960	6704
6704	960
446	3091
3091	446
2117	6445
6445	2117
726	2980
2980	726
1781	3532
3532	1781
2136	4033
4033	2136
1034	6165
6165	1034
2288	4102
4102	2288
1733	6278
6278	1733
1231	5663
5663	1231
1655	3897
3897	1655
1283	4017
4017	1283
1428	4834
4834	1428
1793	3635
3635	1793
600	4567
4567	600
716	2431
2431	716
1457	3640
3640	1457
1613	4860
4860	1613
1757	6005
6005	1757
281	5814
5814	281
743	3682
3682	743
1540	6252
6252	1540
1604	2871
2871	1604
1731	2420
2420	1731
1553	5350
5350	1553
1737	2988
2988	1737
1350	3850
3850	1350
2118	3000
3000	2118
1476	5944
5944	1476
2316	3004
3004	2316
1958	2593
2593	1958
2216	3531
3531	2216
2128	2431
2431	2128
1702	3426
3426	1702
848	4988
4988	848
636	5015
5015	636
1801	2833
2833	1801
1154	4811
4811	1154
576	5307
5307	576
2063	6652
6652	2063
590	3520
3520	590
1621	3636
3636	1621
2070	4611
4611	2070
1396	2694
2694	1396
2275	3924
3924	2275
1173	2725
2725	1173
1912	3086
3086	1912
1549	2982
2982	1549
999	5257
5257	999
1844	2401
2401	1844
325	3426
3426	325
753	3965
3965	753
475	2672
2672	475
549	3288
3288	549
2276	4253
4253	2276
1071	2905
2905	1071
904	5966
5966	904
1874	2487
2487	1874
1338	2420
2420	1338
2058	3469
3469	2058
826	3515
3515	826
781	5427
5427	781
759	2979
2979	759
1317	3070
3070	1317
369	5416
5416	369
2064	6144
6144	2064
1434	2531
2531	1434
2027	5706
5706	2027
2020	3560
3560	2020
124	2454
2454	124
183	3162
3162	183
1019	4783
4783	1019
1810	4645
4645	1810
628	2491
2491	628
518	4663
4663	518
1196	2655
2655	1196
1717	3682
3682	1717
23	6010
6010	23
1808	3020
3020	1808
198	5735
5735	198
765	4523
4523	765
41	2989
2989	41
113	5304
5304	113
803	2913
2913	803
687	3595
3595	687
1022	3449
3449	1022
255	2699
2699	255
947	2503
2503	947
513	5719
5719	513
1169	3934
3934	1169
641	3356
3356	641
228	2808
2808	228
137	2593
2593	137
2274	4935
4935	2274
1715	3707
3707	1715
2246	5428
5428	2246
1829	3927
3927	1829
1679	3483
3483	1679
1297	2420
2420	1297
694	2370
2370	694
2095	4485
4485	2095
375	2993
2993	375
738	2985
2985	738
1064	2593
2593	1064
66	4168
4168	66
839	2531
2531	839
533	6585
6585	533
2254	3209
3209	2254
1634	2945
2945	1634
923	5373
5373	923
1103	4534
4534	1103
1906	3209
3209	1906
708	4907
4907	708
297	3656
3656	297
1675	5216
5216	1675
917	5212
5212	917
2267	2531
2531	2267
634	2508
2508	634
1822	4639
4639	1822
766	3617
3617	766
1705	6414
6414	1705
847	2491
2491	847
646	4376
4376	646
2234	4615
4615	2234
2000	2508
2508	2000
2039	5195
5195	2039
441	5019
5019	441
1029	3640
3640	1029
1243	4646
4646	1243
202	5910
5910	202
1416	4483
4483	1416
2110	2846
2846	2110
333	3878
3878	333
704	2370
2370	704
1073	3548
3548	1073
2017	3864
3864	2017
749	3377
3377	749
67	5256
5256	67
2306	3701
3701	2306
751	3795
3795	751
1120	2493
2493	1120
1502	4005
4005	1502
1235	4820
4820	1235
934	3632
3632	934
831	6153
6153	831
1719	3002
3002	1719
1873	2878
2878	1873
1996	2980
2980	1996
1918	2867
2867	1918
1832	3070
3070	1832
342	3123
3123	342
1616	3086
3086	1616
1465	3159
3159	1465
2107	4521
4521	2107
1158	5559
5559	1158
374	4050
4050	374
327	4963
4963	327
554	3174
3174	554
1760	2596
2596	1760
74	4972
4972	74
1371	5145
5145	1371
982	4122
4122	982
1932	3295
3295	1932
1151	2388
2388	1151
140	5126
5126	140
221	3483
3483	221
2215	4482
4482	2215
1214	3483
3483	1214
810	2842
2842	810
2015	6190
6190	2015
1384	2531
2531	1384
609	3374
3374	609
702	6154
6154	702
419	2677
2677	419
595	6357
6357	595
1627	3287
3287	1627
1065	2916
2916	1065
445	5869
5869	445
64	2531
2531	64
2054	4790
4790	2054
256	3187
3187	256
1189	3561
3561	1189
1233	4862
4862	1233
266	5670
5670	266
545	4206
4206	545
239	4285
4285	239
449	2399
2399	449
2243	5427
5427	2243
1814	4680
4680	1814
1692	2940
2940	1692
1242	3200
3200	1242
630	4687
4687	630
399	3844
3844	399
941	3305
3305	941
1135	5652
5652	1135
2291	3098
3098	2291
798	2997
2997	798
472	6205
6205	472
181	3043
3043	181
2309	3589
3589	2309
1593	4485
4485	1593
546	2980
2980	546
1489	5158
5158	1489
959	4382
4382	959
206	6441
6441	206
613	4997
4997	613
1498	5321
5321	1498
2137	2837
2837	2137
187	3160
3160	187
2130	4367
4367	2130
801	3688
3688	801
1108	4196
4196	1108
2060	2531
2531	2060
1183	3053
3053	1183
710	2508
2508	710
303	2446
2446	303
2119	3125
3125	2119
1811	5337
5337	1811
1920	5011
5011	1920
1320	2599
2599	1320
1872	4865
4865	1872
2286	5215
5215	2286
148	4885
4885	148
186	4455
4455	186
1113	3043
3043	1113
104	4130
4130	104
1964	2729
2729	1964
142	2932
2932	142
812	4292
4292	812
1395	6617
6617	1395
789	2458
2458	789
1026	2407
2407	1026
1477	4834
4834	1477
2163	4037
4037	2163
705	4745
4745	705
2212	2618
2618	2212
87	3156
3156	87
682	3489
3489	682
1063	3635
3635	1063
1466	3535
3535	1466
953	2669
2669	953
57	3636
3636	57
1287	3919
3919	1287
500	3488
3488	500
1301	2553
2553	1301
2090	2501
2501	2090
120	4455
4455	120
1478	4976
4976	1478
1039	3715
3715	1039
53	3665
3665	53
26	5632
5632	26
404	4579
4579	404
2177	2846
2846	2177
1438	5520
5520	1438
119	3844
3844	119
2259	4043
4043	2259
637	5330
5330	637
1212	2407
2407	1212
1045	6236
6236	1045
2272	2531
2531	2272
1534	6247
6247	1534
1146	3860
3860	1146
42	2508
2508	42
1306	5167
5167	1306
890	3933
3933	890
610	4898
4898	610
1694	5998
5998	1694
1178	2617
2617	1178
1878	3482
3482	1878
559	6086
6086	559
1883	2499
2499	1883
385	6403
6403	385
381	4077
4077	381
1812	3489
3489	1812
1420	3765
3765	1420
1650	5401
5401	1650
176	6427
6427	176
1377	3300
3300	1377
1035	5683
5683	1035
809	2729
2729	809
1972	3624
3624	1972
211	3524
3524	211
823	2723
2723	823
1813	5838
5838	1813
1896	4671
4671	1896
1703	2531
2531	1703
1412	6269
6269	1412
732	4832
4832	732
1566	2521
2521	1566
1548	6339
6339	1548
1633	6687
6687	1633
2211	3402
3402	2211
1380	4226
4226	1380
18	2916
2916	18
1780	5525
5525	1780
1501	5367
5367	1501
1084	5046
5046	1084
2224	2642
2642	2224
175	5873
5873	175
1422	2935
2935	1422
207	6330
6330	207
1637	4185
4185	1637
1876	3929
3929	1876
807	3115
3115	807
1815	5212
5212	1815
706	2728
2728	706
462	4110
4110	462
1720	4819
4819	1720
1128	3399
3399	1128
2279	3262
3262	2279
734	3289
3289	734
288	5719
5719	288
2076	3297
3297	2076
632	3965
3965	632
2043	6199
6199	2043
1660	2491
2491	1660
524	6654
6654	524
271	3046
3046	271
2319	5934
5934	2319
240	2446
2446	240
1579	3483
3483	1579
1901	2383
2383	1901
785	4442
4442	785
1444	3654
3654	1444
1441	4964
4964	1441
2323	5617
5617	2323
1817	3844
3844	1817
958	4881
4881	958
552	3505
3505	552
1232	3126
3126	1232
938	2842
2842	938
1403	3636
3636	1403
1410	3811
3811	1410
2219	6070
6070	2219
141	5580
5580	141
1342	5333
5333	1342
886	2771
2771	886
1144	2499
2499	1144
2283	3741
3741	2283
486	4845
4845	486
966	4680
4680	966
686	2804
2804	686
20	3682
3682	20
616	4376
4376	616
780	3415
3415	780
976	5467
5467	976
1699	5167
5167	1699
1245	5832
5832	1245
1862	2973
2973	1862
1997	2590
2590	1997
2082	5595
5595	2082
347	5493
5493	347
2232	5144
5144	2232
314	5548
5548	314
1101	4457
4457	1101
926	3763
3763	926
1414	4653
4653	1414
267	6252
6252	267
1944	2613
2613	1944
2280	3301
3301	2280
2229	5951
5951	2229
1824	6054
6054	1824
329	4898
4898	329
1575	3966
3966	1575
294	3884
3884	294
1924	2687
2687	1924
2186	2503
2503	2186
1241	2444
2444	1241
833	3939
3939	833
82	6642
6642	82
1305	3059
3059	1305
1922	3500
3500	1922
1086	2865
2865	1086
808	3002
3002	808
2050	5879
5879	2050
1254	3009
3009	1254
1304	3715
3715	1304
1687	5256
5256	1687
1413	4530
4530	1413
2191	3531
3531	2191
995	2529
2529	995
1398	2420
2420	1398
563	2946
2946	563
1749	2905
2905	1749
1601	2407
2407	1601
1809	2653
2653	1809
1605	5384
5384	1605
1554	6119
6119	1554
2093	3086
3086	2093
2032	4788
4788	2032
619	3505
3505	619
158	3469
3469	158
1222	3701
3701	1222
1598	5324
5324	1598
490	3895
3895	490
2318	6233
6233	2318
1249	2532
2532	1249
618	5962
5962	618
341	3483
3483	341
804	3640
3640	804
155	5629
5629	155
2308	4975
4975	2308
779	3297
3297	779
1303	3638
3638	1303
956	3595
3595	956
1139	3531
3531	1139
882	5681
5681	882
1180	5863
5863	1180
70	2854
2854	70
1640	5468
5468	1640
2006	2454
2454	2006
1431	4159
4159	1431
2258	5713
5713	2258
1618	6406
6406	1618
1470	5271
5271	1470
2103	4858
4858	2103
1177	2617
2617	1177
188	5957
5957	188
1312	6659
6659	1312
2197	2982
2982	2197
586	4704
4704	586
677	3884
3884	677
1257	3047
3047	1257
915	3278
3278	915
306	4221
4221	306
980	5400
5400	980
1561	3344
3344	1561
1607	2725
2725	1607
679	4559
4559	679
1060	6221
6221	1060
411	2964
2964	411
1168	4204
4204	1168
218	5366
5366	218
425	2833
2833	425
1401	4216
4216	1401
2344	4078
4078	2344
1574	2652
2652	1574
1784	4018
4018	1784
1247	5649
5649	1247
125	5569
5569	125
427	5072
5072	427
11	3157
3157	11
1408	2448
2448	1408
1531	6184
6184	1531
86	3646
3646	86
2244	2862
2862	2244
2201	3415
3415	2201
1421	3463
3463	1421
1638	4502
4502	1638
1898	5162
5162	1898
2239	6231
6231	2239
2145	5779
5779	2145
534	3312
3312	534
418	4245
4245	418
1248	3167
3167	1248
880	3472
3472	880
2228	3088
3088	2228
946	4491
4491	946
1766	6488
6488	1766
550	2940
2940	550
1387	2383
2383	1387
2227	2531
2531	2227
855	4121
4121	855
1866	2495
2495	1866
2159	4067
4067	2159
908	5225
5225	908
509	3402
3402	509
1632	3532
3532	1632
1467	2553
2553	1467
308	2431
2431	308
415	5258
5258	415
1644	6409
6409	1644
894	4554
4554	894
2073	3515
3515	2073
1399	3020
3020	1399
1091	5865
5865	1091
160	3426
3426	160
1100	5937
5937	1100
1058	3844
3844	1058
1802	2553
2553	1802
1279	2817
2817	1279
1472	3758
3758	1472
1055	3632
3632	1055
2052	2943
2943	2052
1806	5472
5472	1806
1696	3435
3435	1696
939	2372
2372	939
653	2512
2512	653
1955	4646
4646	1955
1854	2980
2980	1854
345	4567
4567	345
931	3649
3649	931
2213	3811
3811	2213
1364	2433
2433	1364
1710	5454
5454	1710
494	5333
5333	494
1382	2629
2629	1382
543	3406
3406	543
970	6120
6120	970
251	4779
4779	251
116	6055
6055	116
1360	3086
3086	1360
2231	4441
4441	2231
1511	6079
6079	1511
215	4987
4987	215
48	4820
4820	48
971	2431
2431	971
192	5457
5457	192
1255	3351
3351	1255
887	5640
5640	887
2170	4222
4222	2170
921	3426
3426	921
2263	4030
4030	2263
501	4394
4394	501
2148	2511
2511	2148
2068	3662
3662	2068
1782	4482
4482	1782
1272	2618
2618	1272
1335	5590
5590	1335
392	2424
2424	392
1141	3531
3531	1141
364	6426
6426	364
1227	3394
3394	1227
109	4355
4355	109
893	5577
5577	893
896	6012
6012	896
520	2842
2842	520
1535	4457
4457	1535
1662	2993
2993	1662
244	5366
5366	244
319	6560
6560	319
1004	4320
4320	1004
402	6063
6063	402
250	4620
4620	250
540	6042
6042	540
591	5790
5790	591
1290	3231
3231	1290
746	2751
2751	746
1081	3327
3327	1081
1085	3800
3800	1085
1237	5269
5269	1237
843	3929
3929	843
735	3311
3311	735
1250	3401
3401	1250
654	2512
2512	654
153	3534
3534	153
1417	6602
6602	1417
481	4521
4521	481
214	4442
4442	214
1572	2890
2890	1572
507	6273
6273	507
34	2723
2723	34
1074	4064
4064	1074
1907	5012
5012	1907
2235	3205
3205	2235
684	4455
4455	684
1771	4567
4567	1771
439	3469
3469	439
498	6325
6325	498
40	3123
3123	40
299	2599
2599	299
1267	5621
5621	1267
1945	6453
6453	1945
1547	5175
5175	1547
792	2458
2458	792
1209	6400
6400	1209
2100	6576
6576	2100
1068	4554
4554	1068
825	2709
2709	825
768	2814
2814	768
1269	6498
6498	1269
1090	3537
3537	1090
65	4422
4422	65
114	3156
3156	114
2067	3126
3126	2067
933	4475
4475	933
871	3886
3886	871
835	6684
6684	835
1641	4782
4782	1641
62	2689
2689	62
1134	5662
5662	1134
733	2553
2553	733
1190	5439
5439	1190
605	4135
4135	605
2149	2993
2993	2149
2088	3503
3503	2088
389	5754
5754	389
1147	6673
6673	1147
1563	4155
4155	1563
274	3017
3017	274
51	2360
2360	51
163	5037
5037	163
731	2706
2706	731
280	3414
3414	280
268	2553
2553	268
185	2932
2932	185
455	6430
6430	455
1952	6212
6212	1952
2116	4427
4427	2116
1941	3375
3375	1941
355	6048
6048	355
1102	2590
2590	1102
372	2495
2495	372
1160	5968
5968	1160
193	6503
6503	193
1385	2383
2383	1385
1645	3906
3906	1645
1661	4624
4624	1661
1800	3344
3344	1800
566	3349
3349	566
1742	2833
2833	1742
95	2491
2491	95
1372	2726
2726	1372
1556	3566
3566	1556
1213	2407
2407	1213
1459	3600
3600	1459
740	2979
2979	740
261	2729
2729	261
1000	6706
6706	1000
130	4845
4845	130
1059	5307
5307	1059
49	4146
4146	49
1750	4177
4177	1750
580	3156
3156	580
1629	2628
2628	1629
1570	5436
5436	1570
1869	3463
3463	1869
2188	4790
4790	2188
1072	3483
3483	1072
1047	6150
6150	1047
1608	2725
2725	1608
1648	2658
2658	1648
1049	4355
4355	1049
37	2707
2707	37
512	2495
2495	512
978	5678
5678	978
1443	4185
4185	1443
1487	2655
2655	1487
989	3401
3401	989
1846	2618
2618	1846
1186	3533
3533	1186
1361	2446
2446	1361
108	3374
3374	108
1276	3811
3811	1276
984	5604
5604	984
1999	6358
6358	1999
1499	4017
4017	1499
822	2717
2717	822
2125	4090
4090	2125
2165	5442
5442	2165
320	6264
6264	320
1286	3923
3923	1286
94	2835
2835	94
754	6689
6689	754
927	3949
3949	927
510	5631
5631	510
1115	2833
2833	1115
1544	3397
3397	1544
61	2508
2508	61
996	4374
4374	996
10	3192
3192	10
1094	2939
2939	1094
2292	4121
4121	2292
2155	5120
5120	2155
1447	3295
3295	1447
661	4485
4485	661
2026	2692
2692	2026
1204	4454
4454	1204
182	6374
6374	182
1855	3426
3426	1855
1461	6651
6651	1461
741	3677
3677	741
482	6084
6084	482
1768	3295
3295	1768
722	5560
5560	722
2214	5725
5725	2214
1573	2853
2853	1573
558	3126
3126	558
1464	4183
4183	1464
1894	3115
3115	1894
858	5939
5939	858
1411	3415
3415	1411
703	4773
4773	703
1957	3884
3884	1957
361	3981
3981	361
1343	4547
4547	1343
398	2982
2982	398
52	2672
2672	52
1990	3446
3446	1990
1786	3515
3515	1786
778	2649
2649	778
1697	4482
4482	1697
2260	4200
4200	2260
1879	4528
4528	1879
1281	4232
4232	1281
972	3070
3070	972
220	4017
4017	220
1899	2735
2735	1899
1048	4201
4201	1048
1658	3532
3532	1658
1114	2431
2431	1114
1834	3682
3682	1834
1288	3159
3159	1288
607	2905
2905	607
775	3343
3343	775
548	4759
4759	548
2009	4352
4352	2009
1853	4362
4362	1853
1859	5596
5596	1859
248	5916
5916	248
1707	2874
2874	1707
2156	3538
3538	2156
2338	4828
4828	2338
985	3532
3532	985
1419	3150
3150	1419
405	4195
4195	405
709	5508
5508	709
2223	2578
2578	2223
458	6119
6119	458
1505	4151
4151	1505
603	3964
3964	603
245	4089
4089	245
1790	3289
3289	1790
1669	4877
4877	1669
1718	3545
3545	1718
2144	2837
2837	2144
223	4428
4428	223
451	4970
4970	451
1143	3727
3727	1143
178	4376
4376	178
1376	6630
6630	1376
965	3289
3289	965
829	2593
2593	829
1289	4017
4017	1289
2225	2642
2642	2225
2251	3858
3858	2251
1589	2683
2683	1589
2209	3664
3664	2209
2049	3527
3527	2049
1994	3636
3636	1994
2013	3636
3636	2013
1580	2653
2653	1580
1665	5396
5396	1665
697	5003
5003	697
1181	6315
6315	1181
2256	5124
5124	2256
1238	4306
4306	1238
409	2929
2929	409
943	5214
5214	943
1095	5025
5025	1095
146	4039
4039	146
1388	2905
2905	1388
156	3884
3884	156
986	4269
4269	986
68	4216
4216	68
1886	2982
2982	1886
1642	3273
3273	1642
864	3377
3377	864
1746	5445
5445	1746
1700	3426
3426	1700
2320	6598
6598	2320
179	5241
5241	179
1316	5067
5067	1316
1425	5470
5470	1425
1791	6032
6032	1791
643	2991
2991	643
2134	2515
2515	2134
2268	3143
3143	2268
1031	4442
4442	1031
811	2420
2420	811
1061	4368
4368	1061
772	3111
3111	772
1623	3156
3156	1623
1302	5485
5485	1302
568	4073
4073	568
627	3635
3635	627
2226	2642
2642	2226
1539	4745
4745	1539
1657	6620
6620	1657
2238	6480
6480	2238
1437	3655
3655	1437
1127	2670
2670	1127
1397	6043
6043	1397
538	3125
3125	538
16	4196
4196	16
393	2511
2511	393
1463	4183
4183	1463
671	4933
4933	671
491	4560
4560	491
338	3566
3566	338
1170	3834
3834	1170
1123	5871
5871	1123
3	5511
5511	3
321	5636
5636	321
1735	3108
3108	1735
227	3156
3156	227
1506	6059
6059	1506
1008	4438
4438	1008
277	3103
3103	277
1215	4092
4092	1215
1835	5786
5786	1835
842	2835
2835	842
903	5572
5572	903
1294	3115
3115	1294
639	5446
5446	639
990	3344
3344	990
506	3899
3899	506
433	5423
5423	433
757	2495
2495	757
1513	6343
6343	1513
2046	4946
4946	2046
2108	3950
3950	2108
561	3728
3728	561
1407	4917
4917	1407
2346	5228
5228	2346
797	3149
3149	797
1271	5462
5462	1271
615	6678
6678	615
167	4064
4064	167
737	5580
5580	737
388	3706
3706	388
282	2599
2599	282
50	5608
5608	50
928	3149
3149	928
1383	6521
6521	1383
1096	4370
4370	1096
1882	3821
3821	1882
2295	3401
3401	2295
1079	5295
5295	1079
862	6162
6162	862
2	2814
2814	2
906	5505
5505	906
1426	3426
3426	1426
1714	6025
6025	1714
2305	4386
4386	2305
376	2566
2566	376
2094	4651
4651	2094
909	4185
4185	909
1326	4474
4474	1326
1963	2508
2508	1963
226	3020
3020	226
1325	3688
3688	1325
2105	3669
3669	2105
1931	2801
2801	1931
1448	3002
3002	1448
2002	6413
6413	2002
1092	6682
6682	1092
1517	5752
5752	1517
841	5766
5766	841
1116	2877
2877	1116
487	3178
3178	487
1833	4077
4077	1833
1551	4975
4975	1551
387	6458
6458	387
1979	3150
3150	1979
711	3561
3561	711
585	3186
3186	585
1174	2388
2388	1174
19	4040
4040	19
237	4175
4175	237
2217	2553
2553	2217
782	3449
3449	782
861	4285
4285	861
105	3284
3284	105
89	5689
5689	89
1124	3475
3475	1124
22	3017
3017	22
1239	4306
4306	1239
593	3849
3849	593
110	4681
4681	110
2146	2515
2515	2146
2141	5371
5371	2141
1663	4066
4066	1663
832	4968
4968	832
2247	3126
3126	2247
73	4391
4391	73
1526	4775
4775	1526
1099	5168
5168	1099
337	2407
2407	337
173	3311
3311	173
2190	3531
3531	2190
1537	3156
3156	1537
665	3440
3440	665
1313	6154
6154	1313
1993	4457
4457	1993
275	3086
3086	275
1188	3844
3844	1188
1053	2967
2967	1053
521	2599
2599	521
596	3017
3017	596
93	3150
3150	93
217	2401
2401	217
830	5485
5485	830
1497	3545
3545	1497
1299	6036
6036	1299
2314	5050
5050	2314
1484	5829
5829	1484
1418	3377
3377	1418
1133	4825
4825	1133
480	2446
2446	480
598	4659
4659	598
315	4744
4744	315
649	6564
6564	649
2089	4547
4547	2089
1451	4327
4327	1451
1602	3860
3860	1602
1929	3126
3126	1929
1439	2878
2878	1439
1851	3437
3437	1851
1558	6105
6105	1558
1659	4869
4869	1659
407	4442
4442	407
332	2891
2891	332
1157	3828
3828	1157
1680	6014
6014	1680
945	3102
3102	945
260	2372
2372	260
1701	3426
3426	1701
483	6127
6127	483
988	6261
6261	988
1052	2400
2400	1052
1820	2846
2846	1820
2139	2590
2590	2139
647	3295
3295	647
1777	3823
3823	1777
126	3953
3953	126
1646	6467
6467	1646
1012	3972
3972	1012
2143	2433
2433	2143
479	2401
2401	479
112	6370
6370	112
2218	6635
6635	2218
1752	5532
5532	1752
359	5811
5811	359
714	2553
2553	714
2285	4422
4422	2285
2313	3373
3373	2313
1826	6718
6718	1826
815	2715
2715	815
668	4549
4549	668
216	5943
5943	216
365	5528
5528	365
1357	6309
6309	1357
1080	2775
2775	1080
1668	3729
3729	1668
129	2495
2495	129
503	3908
3908	503
527	4995
4995	527
2147	3968
3968	2147
1220	5663
5663	1220
138	6707
6707	138
819	4303
4303	819
191	2871
2871	191
1600	3922
3922	1600
292	4221
4221	292
542	2658
2658	542
1449	3017
3017	1449
1321	3979
3979	1321
747	2759
2759	747
420	4280
4280	420
1228	3972
3972	1228
2099	6517
6517	2099
1369	2723
2723	1369
868	5018
5018	868
450	4491
4491	450
1695	4913
4913	1695
1405	4428
4428	1405
799	5669
5669	799
872	3414
3414	872
800	2853
2853	800
14	2401
2401	14
24	2489
2489	24
1292	4820
4820	1292
565	3387
3387	565
1424	3438
3438	1424
2065	4122
4122	2065
783	6668
6668	783
1223	3827
3827	1223
1389	2905
2905	1389
1067	3524
3524	1067
1033	3809
3809	1033
225	3446
3446	225
302	3377
3377	302
1676	2604
2604	1676
464	5322
5322	464
170	4819
4819	170
413	2739
2739	413
1667	5222
5222	1667
1282	3149
3149	1282
373	5947
5947	373
1578	3304
3304	1578
1346	4164
4164	1346
727	2897
2897	727
1914	3407
3407	1914
1066	5882
5882	1066
2057	3091
3091	2057
1698	4639
4639	1698
1942	4609
4609	1942
1323	5182
5182	1323
495	2683
2683	495
1217	2973
2973	1217
1797	3635
3635	1797
1104	6393
6393	1104
1960	4513
4513	1960
1830	3309
3309	1830
1167	2973
2973	1167
2056	5472
5472	2056
1626	6385
6385	1626
1404	4845
4845	1404
132	3305
3305	132
2199	2982
2982	2199
2164	5482
5482	2164
269	3486
3486	269
1532	4776
4776	1532
322	3715
3715	322
205	3416
3416	205
309	4924
4924	309
1845	5406
5406	1845
1488	4853
4853	1488
231	2572
2572	231
2127	2441
2441	2127
857	5574
5574	857
816	3643
3643	816
101	3945
3945	101
2129	3276
3276	2129
898	6002
6002	898
1716	3688
3688	1716
2066	4346
4346	2066
1433	3688
3688	1433
2142	2433
2433	2142
1025	3729
3729	1025
824	3524
3524	824
1226	3387
3387	1226
1915	3681
3681	1915
502	5123
5123	502
2014	5736
5736	2014
0	3020
3020	0
2011	4352
4352	2011
1612	2699
2699	1612
1479	5946
5946	1479
238	2420
2420	238
2019	4285
4285	2019
1934	6161
6161	1934
1919	4523
4523	1919
1166	3822
3822	1166
1483	3284
3284	1483
390	4482
4482	390
950	2449
2449	950
689	2881
2881	689
395	5493
5493	395
300	2973
2973	300
2183	5300
5300	2183
1624	3472
3472	1624
914	6681
6681	914
1836	4455
4455	1836
122	4701
4701	122
1106	3480
3480	1106
2151	5567
5567	2151
567	4829
4829	567
75	3278
3278	75
2299	2454
2454	2299
1857	2846
2846	1857
184	4845
4845	184
611	3905
3905	611
2126	4790
4790	2126
1202	2943
2943	1202
344	3017
3017	344
1246	4603
4603	1246
994	4438
4438	994
1028	5821
5821	1028
1318	5463
5463	1318
305	2920
2920	305
1456	4256
4256	1456
859	4068
4068	859
2264	2993
2993	2264
936	4100
4100	936
1018	4788
4788	1018
944	5865
5865	944
888	6259
6259	888
998	2352
2352	998
1743	2680
2680	1743
1541	5959
5959	1541
1562	5913
5913	1562
964	2993
2993	964
2012	4352
4352	2012
1468	5976
5976	1468
560	2658
2658	560
45	2617
2617	45
8	3401
3401	8
957	6685
6685	957
224	6144
6144	224
1639	5981
5981	1639
1761	4942
4942	1761
1615	2532
2532	1615
850	3656
3656	850
408	3115
3115	408
2111	2383
2383	2111
1193	3389
3389	1193
2029	4686
4686	2029
304	4077
4077	304
2257	2431
2431	2257
640	2605
2605	640
470	3717
3717	470
2024	3640
3640	2024
511	5598
5598	511
1803	2913
2913	1803
1264	4457
4457	1264
1581	6725
6725	1581
290	2387
2387	290
1328	4554
4554	1328
836	3826
3826	836
1617	3020
3020	1617
1588	2882
2882	1588
1486	2709
2709	1486
2253	3289
3289	2253
2237	5589
5589	2237
1555	3847
3847	1555
1430	2920
2920	1430
197	5815
5815	197
2161	5066
5066	2161
241	3217
3217	241
1322	2653
2653	1322
796	4845
4845	796
442	3135
3135	442
1136	4078
4078	1136
635	2420
2420	635
2310	5287
5287	2310
1471	2715
2715	1471
2271	6360
6360	2271
2311	3047
3047	2311
1198	3420
3420	1198
2113	4845
4845	2113
1161	3577
3577	1161
1978	3020
3020	1978
247	5311
5311	247
1494	5182
5182	1494
2255	6075
6075	2255
1671	2905
2905	1671
1152	4344
4344	1152
821	2454
2454	821
1765	3822
3822	1765
1336	3548
3548	1336
1187	4977
4977	1187
827	4802
4802	827
474	2833
2833	474
1956	3334
3334	1956
340	3029
3029	340
1527	4946
4946	1527
1442	5156
5156	1442
2206	3664
3664	2206
582	2973
2973	582
496	4875
4875	496
394	2993
2993	394
1946	2897
2897	1946
1776	4018
4018	1776
117	3636
3636	117
1332	4789
4789	1332
391	4079
4079	391
536	2658
2658	536
1370	5145
5145	1370
7	2905
2905	7
1051	3922
3922	1051
17	3002
3002	17
1759	3289
3289	1759
59	4586
4586	59
1373	3701
3701	1373
195	5198
5198	195
1197	6500
6500	1197
29	3437
3437	29
1344	4567
4567	1344
4	2407
2407	4
2086	2756
2756	2086
1891	3020
3020	1891
460	2946
2946	460
1291	4820
4820	1291
2189	3531
3531	2189
1530	2681
2681	1530
1296	5595
5595	1296
1848	3415
3415	1848
1897	2454
2454	1897
963	5326
5326	963
47	2846
2846	47
1892	3483
3483	1892
2297	2871
2871	2297
981	3818
3818	981
133	2539
2539	133
2339	2821
2821	2339
1559	2871
2871	1559
97	4196
4196	97
2278	3531
3531	2278
1044	3561
3561	1044
2091	4534
4534	2091
1938	2888
2888	1938
1111	2420
2420	1111
1351	3913
3913	1351
919	2537
2537	919
1219	3584
3584	1219
1229	5682
5682	1229
189	5995
5995	189
1560	6590
6590	1560
1843	2508
2508	1843
2193	5288
5288	2193
1522	6022
6022	1522
1015	4845
4845	1015
602	3020
3020	602
1137	5835
5835	1137
777	3817
3817	777
2031	3640
3640	2031
551	2658
2658	551
203	5552
5552	203
1656	4989
4989	1656
2337	6274
6274	2337
2055	3046
3046	2055
1525	4866
4866	1525
230	3284
3284	230
715	2553
2553	715
954	5459
5459	954
1042	2729
2729	1042
719	2799
2799	719
307	4292
4292	307
485	2698
2698	485
1445	6251
6251	1445
1490	3701
3701	1490
2290	3284
3284	2290
1807	2446
2446	1807
1785	2593
2593	1785
1740	3801
3801	1740
443	2593
2593	443
1545	6027
6027	1545
713	2515
2515	713
2098	5004
5004	2098
579	5870
5870	579
484	4077
4077	484
1023	6073
6073	1023
1916	6029
6029	1916
762	3046
3046	762
1900	6442
6442	1900
1709	6686
6686	1709
2182	5651
5651	2182
1682	4162
4162	1682
1796	3532
3532	1796
145	2593
2593	145
529	6530
6530	529
213	2593
2593	213
2335	3739
3739	2335
863	4017
4017	863
2208	2508
2508	2208
601	6586
6586	601
604	3192
3192	604
1510	6658
6658	1510
1234	4862
4862	1234
2333	6245
6245	2333
1691	3728
3728	1691
911	3895
3895	911
1105	4960
4960	1105
2034	2979
2979	2034
1889	3918
3918	1889
1268	6669
6669	1268
1998	3910
3910	1998
1959	4871
4871	1959
2203	4906
4906	2203
499	3559
3559	499
1789	6492
6492	1789
698	4206
4206	698
1651	5150
5150	1651
311	6244
6244	311
791	2458
2458	791
691	2536
2536	691
103	3278
3278	103
1611	2980
2980	1611
813	4327
4327	813
1550	5459
5459	1550
1794	4773
4773	1794
1485	3312
3312	1485
1265	5105
5105	1265
2038	5441
5441	2038
209	4283
4283	209
243	5072
5072	243
1927	2837
2837	1927
139	2454
2454	139
1088	3531
3531	1088
1984	2420
2420	1984
1362	3091
3091	1362
382	3901
3901	382
386	6038
6038	386
2307	2997
2997	2307
1928	2649
2649	1928
1121	2493
2493	1121
2157	6208
6208	2157
924	4927
4927	924
1040	3966
3966	1040
1654	2495
2495	1654
2115	3000
3000	2115
1131	4329
4329	1131
1903	2491
2491	1903
1591	4077
4077	1591
1751	5594
5594	1751
895	3384
3384	895
2104	2545
2545	2104
1729	3197
3197	1729
1260	3965
3965	1260
952	4845
4845	952
1603	3059
3059	1603
356	4895
4895	356
745	3437
3437	745
1773	3215
3215	1773
1394	2383
2383	1394
1182	4491
4491	1182
339	3020
3020	339
1568	3289
3289	1568
190	3227
3227	190
913	4980
4980	913
1975	6513
6513	1975
962	5322
5322	962
776	6608
6608	776
144	4494
4494	144
942	3409
3409	942
817	3472
3472	817
434	3284
3284	434
788	3017
3017	788
2315	5451
5451	2315
900	6711
6711	900
1895	3192
3192	1895
2036	4149
4149	2036
851	5418
5418	851
128	3284
3284	128
33	4726
4726	33
1774	3644
3644	1774
1860	4303
4303	1860
265	3469
3469	265
2061	2913
2913	2061
291	5493
5493	291
948	4952
4952	948
1138	2985
2985	1138
2187	5140
5140	2187
1787	3381
3381	1787
1097	3453
3453	1097
771	4411
4411	771
1995	2893
2893	1995
1192	4419
4419	1192
2004	3541
3541	2004
1098	3644
3644	1098
588	3150
3150	588
1391	2383
2383	1391
883	5648
5648	883
102	3426
3426	102
6	3515
3515	6
232	3531
3531	232
2241	3593
3593	2241
2059	3640
3640	2059
2120	5340
5340	2120
581	5569
5569	581
134	2982
2982	134
717	4531
4531	717
1670	2352
2352	1670
2173	2531
2531	2173
1798	6010
6010	1798
685	3694
3694	685
828	3002
3002	828
736	4077
4077	736
1509	4172
4172	1509
