2081	6214
6214	2081
1110	4193
4193	1110
2049	3676
3676	2049
714	5275
5275	714
1517	4556
4556	1517
1638	3848
3848	1638
84	3360
3360	84
508	6333
6333	508
1477	3052
3052	1477
1375	2505
2505	1375
1102	4199
4199	1102
13	3696
3696	13
748	6720
6720	748
219	2470
2470	219
520	4493
4493	520
2319	3359
3359	2319
462	4036
4036	462
1663	3876
3876	1663
1212	5028
5028	1212
49	3485
3485	49
1876	6341
6341	1876
1490	2382
2382	1490
2160	3221
3221	2160
713	4800
4800	713
1483	6326
6326	1483
1200	2500
2500	1200
56	5718
5718	56
1368	4311
4311	1368
1640	5551
5551	1640
1662	3854
3854	1662
2177	4445
4445	2177
737	4583
4583	737
479	6126
6126	479
1178	3995
3995	1178
790	2432
2432	790
1873	3648
3648	1873
2123	4793
4793	2123
2080	2786
2786	2080
182	2440
2440	182
1931	4749
4749	1931
482	4590
4590	482
2231	2772
2772	2231
2077	5475
5475	2077
705	5810
5810	705
1443	2986
2986	1443
1437	2750
2750	1437
1	4254
4254	1
1993	5184
5184	1993
2026	5673
5673	2026
325	3759
3759	325
1055	6289
6289	1055
1482	3121
3121	1482
1439	4690
4690	1439
2294	3105
3105	2294
741	3292
3292	741
1745	2711
2711	1745
1331	5965
5965	1331
1197	5390
5390	1197
1599	6633
6633	1599
2014	5016
5016	2014
2166	3424
3424	2166
482	5895
5895	482
521	4251
4251	521
1472	5803
5803	1472
322	5154
5154	322
566	3138
3138	566
1200	2564
2564	1200
618	2736
2736	618
1175	4594
4594	1175
477	2820
2820	477
1045	3485
3485	1045
476	2845
2845	476
713	4316
4316	713
2345	2374
2374	2345
1364	3645
3645	1364
1262	4472
4472	1262
1475	2640
2640	1475
1610	4084
4084	1610
465	6545
6545	465
1211	2416
2416	1211
1364	3032
3032	1364
1400	5750
5750	1400
120	2937
2937	120
633	2724
2724	633
1980	3183
3183	1980
1833	3054
3054	1833
2205	5160
5160	2205
2179	3052
3052	2179
913	3455
3455	913
312	3325
3325	312
1519	3476
3476	1519
985	3832
3832	985
1333	4555
4555	1333
1207	3106
3106	1207
215	3078
3078	215
353	5523
5523	353
1443	2952
2952	1443
1440	5533
5533	1440
311	3693
3693	311
1237	3865
3865	1237
780	2453
2453	780
638	2721
2721	638
1982	5299
5299	1982
2077	3056
3056	2077
1642	4962
4962	1642
97	6407
6407	97
1801	5057
5057	1801
2253	4287
4287	2253
1256	5676
5676	1256
2124	4012
4012	2124
417	5603
5603	417
1481	2461
2461	1481
621	5188
5188	621
2237	5359
5359	2237
1227	2347
2347	1227
1849	3336
3336	1849
1608	2721
2721	1608
1270	4813
4813	1270
1399	4247
4247	1399
2048	6030
6030	2048
553	4453
4453	553
2075	2445
2445	2075
1490	5573
5573	1490
266	3797
3797	266
1070	6257
6257	1070
261	2409
2409	261
1205	5201
5201	1205
1123	4047
4047	1123
1445	3871
3871	1445
1421	4071
4071	1421
1610	2716
2716	1610
1772	4409
4409	1772
2252	4684
4684	2252
2139	4246
4246	2139
1556	6189
6189	1556
1085	3366
3366	1085
1328	2840
2840	1328
990	3277
3277	990
2229	4144
4144	2229
808	3277
3277	808
348	2659
2659	348
920	2921
2921	920
909	2962
2962	909
1775	4450
4450	1775
1815	2431
2431	1815
1399	5314
5314	1399
1619	5800
5800	1619
1858	4139
4139	1858
8	4476
4476	8
1954	5005
5005	1954
1865	6578
6578	1865
1625	5203
5203	1625
747	3298
3298	747
301	3525
3525	301
547	6552
6552	547
1239	2664
2664	1239
1756	3825
3825	1756
858	6052
6052	858
1974	4510
4510	1974
700	2380
2380	700
1266	5352
5352	1266
665	5336
5336	665
872	4585
4585	872
126	3832
3832	126
1030	3046
3046	1030
2240	4951
4951	2240
1824	5956
5956	1824
105	6667
6667	105
234	2435
2435	234
1986	3506
3506	1986
1615	6122
6122	1615
61	4359
4359	61
2108	3173
3173	2108
2020	4158
4158	2020
756	5672
5672	756
1139	3866
3866	1139
1999	3041
3041	1999
1416	6539
6539	1416
129	5146
5146	129
2036	3014
3014	2036
1109	4544
4544	1109
717	3759
3759	717
1016	6191
6191	1016
759	3039
3039	759
1888	6677
6677	1888
1118	4353
4353	1118
996	6275
6275	996
23	4115
4115	23
338	6281
6281	338
187	3983
3983	187
1802	2787
2787	1802
1598	6001
6001	1598
661	4690
4690	661
623	2717
2717	623
1890	5248
5248	1890
1082	2456
2456	1082
1340	5276
5276	1340
702	3686
3686	702
1696	6066
6066	1696
1776	6210
6210	1776
1568	4320
4320	1568
2262	6556
6556	2262
1435	6064
6064	1435
1716	4593
4593	1716
853	5986
5986	853
1881	6624
6624	1881
108	4174
4174	108
1313	5112
5112	1313
1703	5961
5961	1703
68	5294
5294	68
560	3023
3023	560
582	2583
2583	582
1594	3719
3719	1594
1622	3052
3052	1622
594	3211
3211	594
1418	4696
4696	1418
644	3784
3784	644
1310	2431
2431	1310
1046	3585
3585	1046
2173	3914
3914	2173
1322	3873
3873	1322
1586	3090
3090	1586
296	5068
5068	296
90	4747
4747	90
729	4867
4867	729
2330	4689
4689	2330
129	4628
4628	129
2016	3362
3362	2016
1044	4174
4174	1044
247	3903
3903	247
2191	3184
3184	2191
1245	3393
3393	1245
270	3525
3525	270
1366	4305
4305	1366
2231	2761
2761	2231
1166	4099
4099	1166
582	4124
4124	582
218	3609
3609	218
1407	5807
5807	1407
734	3396
3396	734
1950	3104
3104	1950
1459	5081
5081	1459
1651	4652
4652	1651
1161	2411
2411	1161
422	2471
2471	422
1277	5952
5952	1277
2132	3398
3398	2132
1492	3764
3764	1492
1324	5460
5460	1324
512	4945
4945	512
1241	5613
5613	1241
1573	2380
2380	1573
1226	3779
3779	1226
232	3039
3039	232
221	3686
3686	221
1865	3937
3937	1865
498	5097
5097	498
1149	2693
2693	1149
409	3574
3574	409
2261	4675
4675	2261
39	2977
2977	39
2268	5320
5320	2268
2123	3627
3627	2123
1352	4922
4922	1352
680	3068
3068	680
1819	5093
5093	1819
2278	4985
4985	2278
2177	5833
5833	2177
1438	4715
4715	1438
2167	6648
6648	2167
272	2383
2383	272
627	5720
5720	627
1558	2938
2938	1558
1351	4004
4004	1351
149	5739
5739	149
440	2396
2396	440
359	2857
2857	359
517	5001
5001	517
511	6136
6136	511
1595	3054
3054	1595
1485	2667
2667	1485
835	4719
4719	835
1269	5490
5490	1269
463	3116
3116	463
1928	3552
3552	1928
707	6314
6314	707
390	2784
2784	390
1243	2767
2767	1243
1890	3918
3918	1890
1467	2452
2452	1467
2093	2552
2552	2093
443	4189
4189	443
2230	5226
5226	2230
2308	4137
4137	2308
1723	4423
4423	1723
1512	3597
3597	1512
1936	3793
3793	1936
544	4387
4387	544
977	4839
4839	977
1885	5278
5278	1885
1609	4001
4001	1609
2170	3363
3363	2170
1171	5351
5351	1171
1404	2787
2787	1404
318	5388
5388	318
2339	4006
4006	2339
1086	6211
6211	1086
2058	6562
6562	2058
90	2840
2840	90
106	3853
3853	106
1164	4974
4974	1164
2003	2976
2976	2003
1428	5729
5729	1428
965	4794
4794	965
53	5448
5448	53
1953	3012
3012	1953
1661	4724
4724	1661
2046	4127
4127	2046
371	3529
3529	371
1735	3870
3870	1735
894	5675
5675	894
1281	5883
5883	1281
466	3508
3508	466
1387	3081
3081	1387
723	3873
3873	723
949	3565
3565	949
504	6465
6465	504
1722	5496
5496	1722
2307	5627
5627	2307
1972	5905
5905	1972
1689	3667
3667	1689
2307	2434
2434	2307
1340	5732
5732	1340
503	4286
4286	503
1965	4541
4541	1965
1425	3290
3290	1425
2174	2812
2812	2174
2220	2524
2524	2220
432	3340
3340	432
1538	5701
5701	1538
2098	6657
6657	2098
1777	2896
2896	1777
1089	4186
4186	1089
2	3063
3063	2
1624	3473
3473	1624
1677	2921
2921	1677
671	3179
3179	671
2159	6019
6019	2159
932	2741
2741	932
1712	6518
6518	1712
436	3813
3813	436
954	3199
3199	954
1831	5164
5164	1831
1386	5619
5619	1386
1867	5409
5409	1867
1970	6114
6114	1970
1892	2620
2620	1892
425	4499
4499	425
1231	5414
5414	1231
1851	4261
4261	1851
722	3277
3277	722
532	6337
6337	532
1116	2800
2800	1116
1232	2466
2466	1232
190	3068
3068	190
1418	3647
3647	1418
554	2357
2357	554
1366	2986
2986	1366
274	2705
2705	274
244	3396
3396	244
1200	5473
5473	1200
1641	4119
4119	1641
367	4932
4932	367
166	6093
6093	166
339	4742
4742	339
1090	2675
2675	1090
387	2857
2857	387
1950	3620
3620	1950
2307	4504
4504	2307
2194	4641
4641	2194
2331	4189
4189	2331
2147	6283
6283	2147
586	5008
5008	586
2232	4550
4550	2232
1862	3322
3322	1862
891	5402
5402	891
364	3631
3631	364
243	2576
2576	243
1742	4133
4133	1742
1939	5117
5117	1939
1781	3686
3686	1781
1196	4194
4194	1196
2022	3510
3510	2022
588	5705
5705	588
842	3345
3345	842
2238	4886
4886	2238
1247	3133
3133	1247
1879	4065
4065	1879
2343	2585
2585	2343
1125	4324
4324	1125
102	4641
4641	102
438	2753
2753	438
1962	4152
4152	1962
1909	5876
5876	1909
657	3568
3568	657
1602	5090
5090	1602
1631	3837
3837	1631
1578	2461
2461	1578
2123	2761
2761	2123
1777	2934
2934	1777
1830	6338
6338	1830
1485	6197
6197	1485
1014	2516
2516	1014
588	4841
4841	588
1489	4596
4596	1489
1994	2786
2786	1994
848	5587
5587	848
134	4150
4150	134
294	3277
3277	294
1556	6006
6006	1556
491	2600
2600	491
1133	3195
3195	1133
54	4650
4650	54
1365	2793
2793	1365
2140	3032
3032	2140
1829	5926
5926	1829
1491	4022
4022	1491
2230	2772
2772	2230
136	2741
2741	136
39	4048
4048	39
342	5828
5828	342
597	6547
6547	597
336	4493
4493	336
13	4771
4771	13
1842	6157
6157	1842
802	2416
2416	802
1315	3591
3591	1315
1971	4395
4395	1971
716	4011
4011	716
1973	6004
6004	1973
1393	2383
2383	1393
3	5613
5613	3
2212	5234
5234	2212
1546	3918
3918	1546
652	6327
6327	652
492	6141
6141	492
1248	4123
4123	1248
684	2543
2543	684
1067	6138
6138	1067
735	4321
4321	735
519	6128
6128	519
449	3658
3658	449
834	3298
3298	834
1808	5768
5768	1808
1647	4954
4954	1647
553	6644
6644	553
878	2461
2461	878
1593	2965
2965	1593
632	6527
6527	632
2334	6543
6543	2334
1190	3883
3883	1190
919	4016
4016	919
297	5260
5260	297
1584	2528
2528	1584
67	4197
4197	67
1980	3960
3960	1980
2338	5084
5084	2338
485	6402
6402	485
1851	4918
4918	1851
416	4658
4658	416
941	3429
3429	941
2043	5270
5270	2043
313	3999
3999	313
310	2445
2445	310
83	6350
6350	83
1378	5851
5851	1378
711	6353
6353	711
2163	6612
6612	2163
2295	2435
2435	2295
236	5346
5346	236
417	6638
6638	417
1298	5791
5791	1298
1966	4800
4800	1966
2138	3032
3032	2138
254	3894
3894	254
960	4330
4330	960
2277	4447
4447	2277
552	5922
5922	552
610	5856
5856	610
293	4509
4509	293
909	2396
2396	909
1299	3251
3251	1299
2129	2809
2809	2129
2247	6600
6600	2247
891	5875
5875	891
1495	5659
5659	1495
1625	5512
5512	1625
1632	5911
5911	1632
647	4999
4999	647
1588	3989
3989	1588
1198	3421
3421	1198
486	3185
3185	486
313	5784
5784	313
718	3996
3996	718
1386	5052
5052	1386
1161	3452
3452	1161
1014	4784
4784	1014
727	2443
2443	727
767	3065
3065	767
2323	2778
2778	2323
170	4473
4473	170
668	6328
6328	668
1709	4699
4699	1709
46	4054
4054	46
211	5248
5248	211
408	2721
2721	408
1381	2930
2930	1381
345	4622
4622	345
511	2996
2996	511
585	3211
3211	585
124	5420
5420	124
1314	3169
3169	1314
2221	4746
4746	2221
458	6482
6482	458
1961	4781
4781	1961
1703	3748
3748	1703
1913	2535
2535	1913
1218	3789
3789	1218
1295	3153
3153	1295
699	6180
6180	699
537	4480
4480	537
796	4655
4655	796
1064	2800
2800	1064
304	6408
6408	304
1485	6347
6347	1485
128	4023
4023	128
939	2749
2749	939
840	4343
4343	840
658	3170
3170	658
322	3832
3832	322
2307	2517
2517	2307
1382	4296
4296	1382
1106	3465
3465	1106
1520	3476
3476	1520
1995	3674
3674	1995
1753	2896
2896	1753
1533	2754
2754	1533
1429	2526
2526	1429
2198	3013
3013	2198
1648	4414
4414	1648
871	5737
5737	871
1097	3250
3250	1097
2155	3685
3685	2155
601	4184
4184	601
2306	6182
6182	2306
2230	4496
4496	2230
1336	4093
4093	1336
113	3411
3411	113
658	3431
3431	658
999	6082
6082	999
1123	4823
4823	1123
1359	2538
2538	1359
2334	2990
2990	2334
1261	2766
2766	1261
321	2634
2634	321
1693	4435
4435	1693
456	5965
5965	456
2018	2422
2422	2018
650	6606
6606	650
2033	5057
5057	2033
273	4979
4979	273
78	3428
3428	78
2258	4739
4739	2258
142	2507
2507	142
714	3748
3748	714
2101	2453
2453	2101
339	2614
2614	339
569	4902
4902	569
1850	2635
2635	1850
1792	3258
3258	1792
1183	2435
2435	1183
2255	4492
4492	2255
1718	2431
2431	1718
23	3757
3757	23
1558	5537
5537	1558
1582	4490
4490	1582
925	5772
5772	925
1727	3645
3645	1727
409	4443
4443	409
10	2625
2625	10
1009	3521
3521	1009
1118	3100
3100	1118
59	2575
2575	59
710	3938
3938	710
390	2609
2609	390
1895	3771
3771	1895
1123	4851
4851	1123
1539	4959
4959	1539
2160	5801
5801	2160
1659	2836
2836	1659
565	3477
3477	565
1753	3258
3258	1753
1321	6646
6646	1321
830	2849
2849	830
1761	2615
2615	1761
848	6102
6102	848
998	3544
3544	998
1702	2355
2355	1702
1867	2994
2994	1867
1245	2455
2455	1245
803	4001
4001	803
1668	6532
6532	1668
329	4207
4207	329
1096	3556
3556	1096
805	6277
6277	805
1653	4506
4506	1653
1585	3615
3615	1585
861	5639
5639	861
314	5000
5000	314
685	5819
5819	685
1349	6399
6399	1349
530	4900
4900	530
2286	3494
3494	2286
973	3752
3752	973
252	2915
2915	252
239	3089
3089	239
2135	2837
2837	2135
750	3597
3597	750
786	6640
6640	786
1919	2917
2917	1919
2315	3740
3740	2315
1562	2876
2876	1562
1331	2774
2774	1331
1221	3973
3973	1221
851	4234
4234	851
1655	4379
4379	1655
145	4635
4635	145
234	5700
5700	234
973	3491
3491	973
1353	2391
2391	1353
151	2686
2686	151
1428	4990
4990	1428
1661	5230
5230	1661
181	3554
3554	181
1924	3647
3647	1924
1543	4114
4114	1543
1731	5765
5765	1731
488	2766
2766	488
1610	3431
3431	1610
1973	4814
4814	1973
36	5665
5665	36
1808	3368
3368	1808
2060	3759
3759	2060
2035	2714
2714	2035
903	3872
3872	903
1988	2923
2923	1988
1223	3805
3805	1223
2186	4263
4263	2186
399	2995
2995	399
63	3610
3610	63
1345	2485
2485	1345
1914	6017
6017	1914
2119	5922
5922	2119
42	5315
5315	42
615	3783
3783	615
324	2583
2583	324
2166	5425
5425	2166
2097	3711
3711	2097
1268	4062
4062	1268
2026	2517
2517	2026
1613	4746
4746	1613
1187	3572
3572	1187
919	3716
3716	919
1467	3726
3726	1467
9	5290
5290	9
1817	5864
5864	1817
1379	3139
3139	1379
1210	2407
2407	1210
1211	2407
2407	1211
1598	5440
5440	1598
423	6476
6476	423
1774	6495
6495	1774
376	4566
4566	376
204	3969
3969	204
2201	3168
3168	2201
2068	3434
3434	2068
1060	5387
5387	1060
321	3597
3597	321
1170	4543
4543	1170
801	4864
4864	801
938	5992
5992	938
412	2921
2921	412
1192	4420
4420	1192
1532	4469
4469	1532
1881	4607
4607	1881
1682	5762
5762	1682
1334	2539
2539	1334
1345	5353
5353	1345
1190	5964
5964	1190
53	2816
2816	53
1570	4540
4540	1570
666	5642
5642	666
831	2922
2922	831
1813	6531
6531	1813
2151	5859
5859	2151
2173	3748
3748	2173
2197	3130
3130	2197
636	2588
2588	636
1012	3035
3035	1012
666	3080
3080	666
1592	4231
4231	1592
1919	3038
3038	1919
1075	3943
3943	1075
230	6528
6528	230
952	6007
6007	952
48	3539
3539	48
690	2857
2857	690
748	5221
5221	748
47	5212
5212	47
131	5705
5705	131
1678	2896
2896	1678
384	5570
5570	384
900	5249
5249	900
812	3871
3871	812
720	4464
4464	720
1140	3866
3866	1140
576	5151
5151	576
455	3252
3252	455
1138	5555
5555	1138
244	3970
3970	244
1536	4297
4297	1536
1400	2614
2614	1400
1473	6462
6462	1473
1397	4335
4335	1397
462	5935
5935	462
226	3722
3722	226
1949	6266
6266	1949
302	3365
3365	302
988	2588
2588	988
480	5217
5217	480
2063	4160
4160	2063
1211	3745
3745	1211
201	3100
3100	201
2081	2947
2947	2081
2321	3163
3163	2321
1877	3370
3370	1877
1337	2638
2638	1337
1020	6484
6484	1020
2123	2534
2534	2123
1957	4263
4263	1957
2278	5633
5633	2278
12	2489
2489	12
2295	2762
2762	2295
189	2627
2627	189
669	3244
3244	669
1501	6335
6335	1501
1851	5183
5183	1851
1316	5519
5519	1316
1028	2589
2589	1028
456	3051
3051	456
407	2949
2949	407
1288	5787
5787	1288
1372	5220
5220	1372
15	4219
4219	15
738	2690
2690	738
884	3358
3358	884
294	2931
2931	294
990	2931
2931	990
2021	3721
3721	2021
798	4629
4629	798
19	3946
3946	19
1220	5597
5597	1220
2036	3798
3798	2036
1429	2920
2920	1429
1969	6297
6297	1969
153	3816
3816	153
1480	6523
6523	1480
1803	2961
2961	1803
1666	4120
4120	1666
1064	5919
5919	1064
730	5200
5200	730
1981	6348
6348	1981
2195	3836
3836	2195
91	4582
4582	91
1385	3529
3529	1385
1176	3165
3165	1176
2287	2391
2391	2287
1590	4598
4598	1590
2240	4959
4959	2240
557	3348
3348	557
1249	4536
4536	1249
1305	2391
2391	1305
2256	2431
2431	2256
811	5667
5667	811
1791	5081
5081	1791
382	3738
3738	382
585	5498
5498	585
2170	5450
5450	2170
777	3458
3458	777
2281	2840
2840	2281
396	2847
2847	396
1931	5783
5783	1931
8	4896
4896	8
515	6342
6342	515
1047	4082
4082	1047
1200	5250
5250	1200
104	3236
3236	104
1056	4552
4552	1056
1301	4705
4705	1301
2065	6089
6089	2065
472	4249
4249	472
1153	3258
3258	1153
1402	5692
5692	1402
2185	4638
4638	2185
1120	3612
3612	1120
4	3815
3815	4
1120	6621
6621	1120
1484	5907
5907	1484
2027	3794
3794	2027
1571	2646
2646	1571
1903	2734
2734	1903
2340	6695
6695	2340
484	2643
2643	484
1738	4141
4141	1738
592	4477
4477	592
2176	3122
3122	2176
886	2514
2514	886
99	4751
4751	99
2105	5109
5109	2105
140	6272
6272	140
2055	2461
2461	2055
2091	4349
4349	2091
1479	5261
5261	1479
2318	4854
4854	2318
628	2541
2541	628
2015	4683
4683	2015
893	3598
3598	893
1893	3525
3525	1893
185	2507
2507	185
442	4891
4891	442
1866	4298
4298	1866
1291	4109
4109	1291
758	6563
6563	758
912	5456
5456	912
931	6123
6123	931
1209	3027
3027	1209
1259	3279
3279	1259
263	3436
3436	263
1101	3714
3714	1101
2048	4558
4558	2048
1775	6380
6380	1775
1741	4240
4240	1741
1423	6398
6398	1423
357	4163
4163	357
849	3213
3213	849
1823	3357
3357	1823
169	2405
2405	169
2075	4263
4263	2075
2210	5129
5129	2210
1074	4841
4841	1074
1513	4126
4126	1513
1781	5975
5975	1781
873	3918
3918	873
951	4361
4361	951
27	3732
3732	27
2083	6295
6295	2083
1175	5498
5498	1175
1846	2543
2543	1846
1347	4748
4748	1347
1809	2472
2472	1809
1875	5783
5783	1875
1721	5316
5316	1721
1620	4735
4735	1620
1222	5389
5389	1222
159	3855
3855	159
1099	2551
2551	1099
368	6508
6508	368
1955	5568
5568	1955
1456	5035
5035	1456
423	3875
3875	423
1879	6192
6192	1879
2223	4765
4765	2223
10	2904
2904	10
1613	2762
2762	1613
1344	5386
5386	1344
1905	4150
4150	1905
624	3170
3170	624
29	3998
3998	29
308	4011
4011	308
624	4084
4084	624
856	3575
3575	856
1604	6028
6028	1604
747	6235
6235	747
401	6090
6090	401
569	3919
3919	569
172	4707
4707	172
2238	2977
2977	2238
1098	3230
3230	1098
1636	3216
3216	1636
1534	2547
2547	1534
1033	2783
2783	1033
272	6195
6195	272
2042	3155
3155	2042
1612	4943
4943	1612
501	3836
3836	501
399	3449
3449	399
908	4446
4446	908
2294	6224
6224	2294
2066	5909
5909	2066
161	4354
4354	161
1174	3443
3443	1174
2123	5226
5226	2123
1687	6352
6352	1687
1674	2774
2774	1674
828	3521
3521	828
196	4425
4425	196
1687	3705
3705	1687
241	2635
2635	241
110	2741
2741	110
740	2950
2950	740
2283	2765
2765	2283
362	4490
4490	362
361	5253
5253	361
1795	2660
2660	1795
1483	3900
3900	1483
836	6515
6515	836
1653	2824
2824	1653
1373	4920
4920	1373
1289	4867
4867	1289
2126	2538
2538	2126
2061	5499
5499	2061
1467	2552
2552	1467
657	3815
3815	657
629	2625
2625	629
1214	3248
3248	1214
626	6263
6263	626
817	5068
5068	817
111	6432
6432	111
1748	3528
3528	1748
783	4951
4951	783
1860	4466
4466	1860
730	2380
2380	730
594	4418
4418	594
340	2749
2749	340
1527	6411
6411	1527
1413	2620
2620	1413
1992	6367
6367	1992
905	3986
3986	905
1688	5867
5867	1688
288	2597
2597	288
2067	4199
4199	2067
2190	5586
5586	2190
350	2631
2631	350
1463	3944
3944	1463
2238	4068
4068	2238
118	2651
2651	118
36	3773
3773	36
1519	3938
3938	1519
2294	6463
6463	2294
1337	3034
3034	1337
2204	2690
2690	2204
1616	4225
4225	1616
1251	5965
5965	1251
1409	3328
3328	1409
1477	4803
4803	1477
2316	6604
6604	2316
1877	6724
6724	1877
2111	5553
5553	2111
2342	6068
6068	2342
147	2697
2697	147
571	4771
4771	571
1296	4294
4294	1296
1623	5328
5328	1623
553	2551
2551	553
172	6561
6561	172
61	3320
3320	61
2045	2852
2852	2045
1047	5535
5535	1047
620	4095
4095	620
219	4888
4888	219
641	4529
4529	641
823	5157
5157	823
290	2625
2625	290
1308	6584
6584	1308
1600	4260
4260	1600
144	6237
6237	144
764	5853
5853	764
802	5054
5054	802
2024	3063
3063	2024
1068	3331
3331	1068
670	5547
5547	670
61	3259
3259	61
397	3313
3313	397
516	5461
5461	516
600	4107
4107	600
1055	3214
3214	1055
560	3831
3831	560
2345	5411
5411	2345
13	2541
2541	13
1302	3791
3791	1302
1464	3944
3944	1464
957	4076
4076	957
165	4728
4728	165
335	2391
2391	335
2022	4140
4140	2022
439	2809
2809	439
1773	2848
2848	1773
2230	2571
2571	2230
2220	3526
3526	2220
872	6311
6311	872
2344	2675
2675	2344
1057	6050
6050	1057
66	3698
3698	66
26	2722
2722	26
351	2541
2541	351
705	3434
3434	705
1484	3569
3569	1484
376	6047
6047	376
1814	3314
3314	1814
1746	2774
2774	1746
1117	2347
2347	1117
4	3568
3568	4
1949	3003
3003	1949
1386	2383
2383	1386
2242	4398
4398	2242
1628	2665
2665	1628
446	3977
3977	446
460	6424
6424	460
166	3135
3135	166
1141	2584
2584	1141
1468	4345
4345	1468
646	3333
3333	646
665	2464
2464	665
327	2581
2581	327
1203	3211
3211	1203
457	5990
5990	457
2118	3502
3502	2118
1089	4631
4631	1089
1276	2721
2721	1276
2127	2908
2908	2127
1191	2479
2479	1191
1251	4969
4969	1251
1272	3317
3317	1272
64	3832
3832	64
1249	2862
2862	1249
1300	5329
5329	1300
0	3060
3060	0
2096	2792
2792	2096
2146	2768
2768	2146
2211	6479
6479	2211
2228	4684
4684	2228
2231	4046
4046	2231
423	4921
4921	423
1891	3504
3504	1891
1216	3747
3747	1216
1688	4332
4332	1688
4	3206
3206	4
1370	4369
4369	1370
1219	6587
6587	1219
1669	4613
4613	1669
612	5792
5792	612
301	4533
4533	301
1714	4982
4982	1714
1814	3239
3239	1814
259	4999
4999	259
914	3318
3318	914
701	2482
2482	701
363	5078
5078	363
983	4561
4561	983
924	3775
3775	924
2203	3203
3203	2203
2227	2812
2812	2227
582	2981
2981	582
1326	4389
4389	1326
1173	2978
2978	1173
1103	4262
4262	1103
441	3618
3618	441
2270	5600
5600	2270
1964	3597
3597	1964
572	4241
4241	572
863	4570
4570	863
2099	5113
5113	2099
596	2803
2803	596
17	4392
4392	17
1649	4535
4535	1649
1704	2347
2347	1704
1025	2753
2753	1025
863	6653
6653	863
1458	4249
4249	1458
728	2643
2643	728
1513	2598
2598	1513
1371	4369
4369	1371
374	3539
3539	374
285	4710
4710	285
1246	5566
5566	1246
1868	4409
4409	1868
2225	4637
4637	2225
1930	2527
2527	1930
587	2659
2659	587
360	3803
3803	360
382	3565
3565	382
2058	4340
4340	2058
1603	3391
3391	1603
791	3954
3954	791
2182	3562
3562	2182
1419	3833
3833	1419
1879	6526
6526	1879
1392	2383
2383	1392
711	6320
6320	711
169	3100
3100	169
206	5421
5421	206
347	4628
4628	347
2226	3487
3487	2226
534	3076
3076	534
1089	3155
3155	1089
907	4636
4636	907
1118	5374
5374	1118
753	3833
3833	753
2121	4431
4431	2121
33	4844
4844	33
446	3504
3504	446
2208	5921
5921	2208
2248	3432
3432	2248
2216	3421
3421	2216
1510	5180
5180	1510
273	5248
5248	273
336	2627
2627	336
1720	6166
6166	1720
546	2551
2551	546
1848	2961
2961	1848
950	5781
5781	950
1517	6702
6702	1517
1525	4937
4937	1525
178	2625
2625	178
1165	3661
3661	1165
1335	3390
3390	1335
68	6226
6226	68
2107	2816
2816	2107
1941	3114
3114	1941
1610	3170
3170	1610
457	2394
2394	457
316	2669
2669	316
1003	3630
3630	1003
1304	6619
6619	1304
624	2530
2530	624
2157	3819
3819	2157
491	3280
3280	491
1769	4943
4943	1769
2148	6412
6412	2148
1153	5075
5075	1153
1680	4722
4722	1680
2181	5415
5415	2181
1958	2470
2470	1958
2313	5767
5767	2313
1179	3911
3911	1179
1553	2603
2603	1553
2268	3790
3790	2268
1365	4965
4965	1365
1857	2721
2721	1857
1406	5967
5967	1406
44	2456
2456	44
442	2385
2385	442
1091	3888
3888	1091
1200	6641
6641	1200
2162	3988
3988	2162
1694	5812
5812	1694
929	2406
2406	929
2230	5877
5877	2230
1600	3293
3293	1600
1436	3076
3076	1436
612	5822
5822	612
1666	2561
2561	1666
1091	5551
5551	1091
1847	5827
5827	1847
1182	3788
3788	1182
202	4284
4284	202
2123	5899
5899	2123
791	4219
4219	791
208	5361
5361	208
160	5778
5778	160
471	2947
2947	471
292	6041
6041	292
556	3206
3206	556
860	6110
6110	860
236	3992
3992	236
125	6234
6234	125
2231	5677
5677	2231
761	4703
4703	761
463	2380
2380	463
1808	6589
6589	1808
1551	4424
4424	1551
1091	5364
5364	1091
721	3529
3529	721
956	4564
4564	956
831	4009
4009	831
1826	6622
6622	1826
358	3024
3024	358
1968	6705
6705	1968
2194	5398
5398	2194
63	2539
2539	63
417	5816
5816	417
1889	4979
4979	1889
524	5896
5896	524
2123	5581
5581	2123
2296	2950
2950	2296
2093	5948
5948	2093
2145	2837
2837	2145
310	4263
4263	310
1945	4785
4785	1945
929	4810
4810	929
1403	2635
2635	1403
1480	4356
4356	1480
610	2379
2379	610
1272	2713
2713	1272
446	2461
2461	446
212	3140
3140	212
2164	2538
2538	2164
1662	3139
3139	1662
879	2584
2584	879
132	2516
2516	132
586	5982
5982	586
1833	5431
5431	1833
2206	3037
3037	2206
57	4107
4107	57
1660	2826
2826	1660
283	3122
3122	283
1619	3579
3579	1619
2213	5202
5202	2213
1793	2560
2560	1793
221	2787
2787	221
1380	3395
3395	1380
1843	2625
2625	1843
822	6664
6664	822
1198	3224
3224	1198
592	6421
6421	592
678	2873
2873	678
593	4418
4418	593
1903	5403
5403	1903
82	5375
5375	82
2312	3249
3249	2312
263	4357
4357	263
1778	2857
2857	1778
1149	3512
3512	1149
716	2431
2431	716
1741	4339
4339	1741
356	4754
4754	356
2153	5080
5080	2153
1115	5515
5515	1115
2019	2650
2650	2019
2167	3319
3319	2167
2210	4833
4833	2210
400	3392
3392	400
1986	5746
5746	1986
679	4273
4273	679
376	5748
5748	376
3	2635
2635	3
733	5026
5026	733
1515	6603
6603	1515
1031	2976
2976	1031
2128	2431
2431	2128
2299	3680
3680	2299
1652	5412
5412	1652
181	5531
5531	181
1936	3550
3550	1936
58	2653
2653	58
173	2975
2975	173
265	4152
4152	265
974	3295
3295	974
2179	4855
4855	2179
542	3779
3779	542
199	2788
2788	199
2073	4075
4075	2073
68	5435
5435	68
45	3063
3063	45
280	4015
4015	280
1415	3299
3299	1415
1448	5744
5744	1448
1475	6276
6276	1475
697	2792
2792	697
6	4561
4561	6
758	2443
2443	758
2031	3255
3255	2031
1531	5960
5960	1531
2220	5906
5906	2220
2095	2447
2447	2095
1805	3832
3832	1805
264	2803
2803	264
2250	5703
5703	2250
125	3293
3293	125
394	2994
2994	394
997	4627
4627	997
1504	4319
4319	1504
463	4688
4688	463
1052	5410
5410	1052
73	3180
3180	73
2294	5378
5378	2294
1929	5509
5509	1929
208	3926
3926	208
323	3771
3771	323
2318	5845
5845	2318
997	3772
3772	997
159	5576
5576	159
178	4171
4171	178
1337	4632
4632	1337
2004	2976
2976	2004
2277	4098
4098	2277
2001	6095
6095	2001
864	3930
3930	864
577	4210
4210	577
1979	4545
4545	1979
436	6363
6363	436
1113	2635
2635	1113
681	2380
2380	681
1915	6696
6696	1915
1018	3695
3695	1018
425	2641
2641	425
1800	2749
2749	1800
300	3871
3871	300
841	3999
3999	841
1276	6268
6268	1276
18	4145
4145	18
1057	3172
3172	1057
2209	5542
5542	2209
1942	4189
4189	1942
574	2724
2724	574
2092	3039
3039	2092
1408	5973
5973	1408
123	4107
4107	123
1002	6171
6171	1002
768	3189
3189	768
1897	4152
4152	1897
1538	5128
5128	1538
1414	3450
3450	1414
330	4781
4781	330
1415	3248
3248	1415
1433	5285
5285	1433
341	3015
3015	341
1282	4712
4712	1282
1766	5466
5466	1766
1617	4317
4317	1617
423	6534
6534	423
1297	4755
4755	1297
284	4944
4944	284
1350	5795
5795	1350
2191	4466
4466	2191
2220	5500
5500	2220
291	2762
2762	291
1785	5606
5606	1785
1901	6401
6401	1901
2063	4125
4125	2063
1840	5563
5563	1840
403	4406
4406	403
619	4440
4440	619
651	2852
2852	651
1990	4840
4840	1990
989	2727
2727	989
689	3243
3243	689
1698	4785
4785	1698
2260	4074
4074	2260
2093	6095
6095	2093
955	4850
4850	955
1034	5099
5099	1034
273	4320
4320	273
517	3909
3909	517
987	2541
2541	987
278	5024
5024	278
1506	3546
3546	1506
756	6420
6420	756
1889	5248
5248	1889
1649	5928
5928	1649
1606	4451
4451	1606
2267	4372
4372	2267
10	4711
4711	10
19	4273
4273	19
1779	3261
3261	1779
480	2908
2908	480
437	4929
4929	437
1303	2886
2886	1303
11	3511
3511	11
954	3993
3993	954
25	6551
6551	25
222	4266
4266	222
1523	6597
6597	1523
11	3127
3127	11
1975	2577
2577	1975
1683	3619
3619	1683
964	3127
3127	964
1200	4947
4947	1200
1436	3736
3736	1436
131	4694
4694	131
1127	5176
5176	1127
1388	2432
2432	1388
1669	4002
4002	1669
1978	2490
2490	1978
1024	2840
2840	1024
424	2795
2795	424
790	4706
4706	790
650	6605
6605	650
614	2431
2431	614
2039	5083
5083	2039
1849	3712
3712	1849
1989	3668
3668	1989
1923	2614
2614	1923
2071	4189
4189	2071
1759	3738
3738	1759
282	4052
4052	282
1263	3202
3202	1263
1652	6316
6316	1652
1157	4393
4393	1157
72	3723
3723	72
471	3247
3247	471
388	2834
2834	388
1958	2544
2544	1958
603	3989
3989	603
2174	3686
3686	2174
1557	4995
4995	1557
2110	4139
4139	2110
6	2936
2936	6
100	2770
2770	100
2326	2883
2883	2326
1904	4889
4889	1904
1690	5477
5477	1690
655	5127
5127	655
28	5699
5699	28
1375	3016
3016	1375
1363	6344
6344	1363
1560	6028
6028	1560
1156	2690
2690	1156
2220	2761
2761	2220
58	5780
5780	58
166	4761
4761	166
2269	5607
5607	2269
933	4252
4252	933
2182	3294
3294	2182
1284	2708
2708	1284
1836	6419
6419	1836
1177	2738
2738	1177
2183	5731
5731	2183
1145	4186
4186	1145
1675	2774
2774	1675
783	4888
4888	783
2267	3820
3820	2267
548	2481
2481	548
801	2416
2416	801
2211	2720
2720	2211
739	4189
4189	739
2175	2931
2931	2175
1424	4342
4342	1424
1727	3032
3032	1727
1763	6394
6394	1763
1144	3579
3579	1144
1996	2968
2968	1996
71	2487
2487	71
563	5194
5194	563
1765	5309
5309	1765
968	6146
6146	968
609	3374
3374	609
2231	5335
5335	2231
1845	5654
5654	1845
550	5517
5517	550
2152	2430
2430	2152
2083	3521
3521	2083
2231	4013
4013	2231
1118	2547
2547	1118
1899	4044
4044	1899
2262	4991
4991	2262
642	3069
3069	642
2291	3302
3302	2291
1964	3299
3299	1964
2017	3936
3936	2017
150	6298
6298	150
2231	3627
3627	2231
655	4767
4767	655
1896	4923
4923	1896
1114	3777
3777	1114
2305	6382
6382	2305
233	4314
4314	233
1739	3722
3722	1739
1335	3152
3152	1335
1482	3075
3075	1482
1152	4594
4594	1152
385	3228
3228	385
131	2807
2807	131
2271	2626
2626	2271
2113	4091
4091	2113
1066	3734
3734	1066
894	3433
3433	894
2085	2635
2635	2085
2182	3563
3563	2182
1715	3207
3207	1715
1264	4398
4398	1264
1607	6304
6304	1607
1318	6444
6444	1318
1382	3476
3476	1382
195	6519
6519	195
149	2601
2601	149
2251	2774
2774	2251
2236	2992
2992	2236
1579	3320
3320	1579
2158	4334
4334	2158
751	3749
3749	751
1362	2461
2461	1362
984	3637
3637	984
624	3431
3431	624
1252	3779
3779	1252
1747	5540
5540	1747
2336	2860
2860	2336
1742	6121
6121	1742
77	6710
6710	77
762	2614
2614	762
1730	3032
3032	1730
540	3138
3138	540
625	3255
3255	625
1067	3109
3109	1067
1414	6481
6481	1414
2334	2889
2889	2334
2094	4856
4856	2094
1978	5438
5438	1978
306	4941
4941	306
240	3529
3529	240
2137	2837
2837	2137
2161	4426
4426	2161
1398	2614
2614	1398
162	3597
3597	162
1130	4612
4612	1130
152	2643
2643	152
2317	4471
4471	2317
1610	2717
2717	1610
1037	3448
3448	1037
1834	6433
6433	1834
1644	3339
3339	1644
1021	6655
6655	1021
274	6286
6286	274
1865	6435
6435	1865
218	2395
2395	218
1328	2440
2440	1328
225	4111
4111	225
849	5886
5886	849
384	3293
3293	384
2289	4604
4604	2289
537	5922
5922	537
1769	2666
2666	1769
915	4473
4473	915
2106	4728
4728	2106
1892	3925
3925	1892
593	3211
3211	593
1455	6228
6228	1455
1982	4824
4824	1982
1488	4134
4134	1488
548	2380
2380	548
150	2392
2392	150
2020	3337
3337	2020
2098	5042
5042	2098
1290	4113
4113	1290
583	4594
4594	583
1691	4435
4435	1691
785	4180
4180	785
139	3770
3770	139
514	3938
3938	514
1886	4588
4588	1886
286	3686
3686	286
1894	3232
3232	1894
679	3946
3946	679
1725	3034
3034	1725
979	5091
5091	979
36	5323
5323	36
809	3330
3330	809
1063	3635
3635	1063
794	3769
3769	794
2341	2976
2976	2341
714	5588
5588	714
866	3961
3961	866
953	2669
2669	953
1097	6240
6240	1097
16	4903
4903	16
40	5979
5979	40
819	4735
4735	819
1327	3195
3195	1327
1153	4524
4524	1153
1810	4028
4028	1810
1236	5081
5081	1236
1770	3164
3164	1770
434	3082
3082	434
135	3797
3797	135
297	4264
4264	297
1171	5327
5327	1171
1417	2852
2852	1417
1906	3019
3019	1906
1112	3830
3830	1112
772	5176
5176	772
970	6662
6662	970
1041	4286
4286	1041
1566	4978
4978	1566
1529	2962
2962	1529
883	3869
3869	883
1052	3869
3869	1052
263	4706
4706	263
296	2999
2999	296
961	3429
3429	961
2112	2347
2347	2112
2045	6514
6514	2045
1604	3076
3076	1604
2143	4331
4331	2143
303	5583
5583	303
233	3168
3168	233
2225	6222
6222	2225
1078	4024
4024	1078
1606	6472
6472	1606
1269	4813
4813	1269
2019	4801
4801	2019
142	5174
5174	142
1589	3999
3999	1589
1155	3320
3320	1155
413	5447
5447	413
2231	2534
2534	2231
62	2898
2898	62
1004	2459
2459	1004
858	6198
6198	858
683	3721
3721	683
427	3744
3744	427
1212	2407
2407	1212
325	6145
6145	325
1695	4914
4914	1695
512	4152
4152	512
1975	3080
3080	1975
860	5710
5710	860
1097	4762
4762	1097
1493	5882
5882	1493
2180	5192
5192	2180
2079	5797
5797	2079
2002	2976
2976	2002
345	3114
3114	345
1361	6727
6727	1361
213	3239
3239	213
280	3048
3048	280
736	2693
2693	736
1785	5744
5744	1785
0	3145
3145	0
1064	2716
2716	1064
1635	5501
5501	1635
752	2464
2464	752
1629	2665
2665	1629
1545	4388
4388	1545
1638	5824
5824	1638
1978	5286
5286	1978
2230	5818
5818	2230
1422	4351
4351	1422
1163	5193
5193	1163
2270	3743
3743	2270
1361	2621
2621	1361
1930	2425
2425	1930
2151	5114
5114	2151
177	2844
2844	177
1242	4224
4224	1242
2316	5312
5312	2316
277	2516
2516	277
567	4518
4518	567
1756	3292
3292	1756
425	2673
2673	425
1920	5941
5941	1920
1124	3737
3737	1124
1820	2721
2721	1820
696	2903
2903	696
642	4432
4432	642
1499	6691
6691	1499
829	5889
5889	829
862	3852
3852	862
483	3470
3470	483
2255	4872
4872	2255
2058	2902
2902	2058
430	5171
5171	430
1383	4254
4254	1383
774	6466
6466	774
740	4070
4070	740
276	2806
2806	276
7	4378
4378	7
1062	5891
5891	1062
1710	3241
3241	1710
1316	5082
5082	1316
1569	4708
4708	1569
1247	5823
5823	1247
1419	6072
6072	1419
321	4632
4632	321
1487	6438
6438	1487
444	5930
5930	444
605	2802
2802	605
249	2803
2803	249
1623	5242
5242	1623
555	3556
3556	555
1656	2822
2822	1656
2100	3868
3868	2100
1469	5421
5421	1469
1094	4132
4132	1094
829	2900
2900	829
1861	5199
5199	1861
2007	3733
3733	2007
1346	4786
4786	1346
546	2691
2691	546
1969	5516
5516	1969
453	3930
3930	453
420	2471
2471	420
95	3119
3119	95
2198	2986
2986	2198
2186	2445
2445	2186
155	2385
2385	155
1338	2912
2912	1338
856	5238
5238	856
67	6342
6342	67
1426	4115
4115	1426
271	3046
3046	271
1372	5892
5892	1372
1790	5923
5923	1790
461	5495
5495	461
2070	6024
6024	2070
657	4644
4644	657
2190	4466
4466	2190
779	6300
6300	779
227	5781
5781	227
1923	5750
5750	1923
858	4437
4437	858
1843	2523
2523	1843
825	4943
4943	825
1225	3321
3321	1225
2086	4326
4326	2086
688	5081
5081	688
120	3529
3529	120
2230	6683
6683	2230
62	4708
4708	62
658	2717
2717	658
1441	4964
4964	1441
539	5089
5089	539
553	2691
2691	553
1214	3299
3299	1214
1754	2615
2615	1754
2238	5990
5990	2238
1442	4498
4498	1442
1062	3117
3117	1062
2258	3893
3893	2258
1963	2950
2950	1963
732	4780
4780	732
2113	4939
4939	2113
584	5142
5142	584
1334	3610
3610	1334
635	2513
2513	635
457	5898
5898	457
1288	4400
4400	1288
591	4477
4477	591
865	3873
3873	865
2333	4874
4874	2333
974	2618
2618	974
1924	4628
4628	1924
804	3726
3726	804
2253	3873
3873	2253
1135	3462
3462	1135
2056	5057
5057	2056
248	3379
3379	248
342	5010
5010	342
881	5489
5489	881
1773	6324
6324	1773
1048	4589
4589	1048
209	4144
4144	209
460	5843
5843	460
1156	3938
3938	1156
1708	4266
4266	1708
1435	5711
5711	1435
2156	6051
6051	2156
1194	2981
2981	1194
2056	2365
2365	2056
1571	2611
2611	1571
142	6123
6123	142
1313	5301
5301	1313
185	6123
6123	185
926	3763
3763	926
2089	2858
2858	2089
705	6376
6376	705
1287	5466
5466	1287
363	5952
5952	363
2344	6486
6486	2344
1599	6319
6319	1599
897	2840
2840	897
1824	6054
6054	1824
1561	4889
4889	1561
1076	2504
2504	1076
152	3066
3066	152
1967	5641
5641	1967
1526	6241
6241	1526
596	5430
5430	596
745	3769
3769	745
1379	2438
2438	1379
22	4657
4657	22
1548	4027
4027	1548
704	3597
3597	704
1350	3915
3915	1350
2147	5085
5085	2147
428	2473
2473	428
1884	3372
3372	1884
634	2766
2766	634
906	2632
2632	906
707	3097
3097	707
787	3607
3607	787
1343	4205
4205	1343
2253	3261
3261	2253
2275	2506
2506	2275
50	5071
5071	50
681	5605
5605	681
229	2676
2676	229
469	2823
2823	469
1960	4298
4298	1960
77	3006
3006	77
1987	2923
2923	1987
2280	5530
5530	2280
1854	2551
2551	1854
369	4153
4153	369
1601	2407
2407	1601
452	3987
3987	452
928	4735
4735	928
331	5491
5491	331
711	2380
2380	711
2127	3986
3986	2127
354	6053
6053	354
668	6069
6069	668
256	5565
5565	256
921	3605
3605	921
526	3525
3525	526
2230	4013
4013	2230
1912	4826
4826	1912
1104	4577
4577	1104
658	4084
4084	658
2243	2580
2580	2243
592	2510
2510	592
1852	3479
3479	1852
1107	3824
3824	1107
2272	5492
5492	2272
2131	5759
5759	2131
1444	3959
3959	1444
1198	3618
3618	1198
715	3320
3320	715
2127	2442
2442	2127
1988	2389
2389	1988
370	2831
2831	370
1243	3291
3291	1243
287	4111
4111	287
517	3124
3124	517
187	5727
5727	187
1983	6174
6174	1983
328	6351
6351	328
1777	5075
5075	1777
595	3064
3064	595
1169	3608
3608	1169
36	6143
6143	36
866	6389
6389	866
530	2796
2796	530
543	4930
4930	543
1396	3579
3579	1396
502	2435
2435	502
2249	4361
4361	2249
1461	3944
3944	1461
1073	4129
4129	1073
2277	5239
5239	2277
1756	3804
3804	1756
1179	3165
3165	1179
2290	5227
5227	2290
1419	5021
5021	1419
139	6045
6045	139
665	4623
4623	665
1126	2927
2927	1126
1108	2992
2992	1108
1319	3292
3292	1319
597	2919
2919	597
1377	4674
4674	1377
138	6491
6491	138
450	5680
5680	450
278	2430
2430	278
1771	4117
4117	1771
731	6459
6459	731
748	4166
4166	748
980	5259
5259	980
631	2749
2749	631
2274	2506
2506	2274
345	6396
6396	345
2285	4610
4610	2285
231	2547
2547	231
2146	2983
2983	2146
677	3884
3884	677
868	5707
5707	868
1964	3248
3248	1964
1673	4959
4959	1673
1403	4266
4266	1403
1170	2731
2731	1170
1136	5555
5555	1136
538	4930
4930	538
769	2459
2459	769
1775	5557
5557	1775
131	3838
3838	131
435	6087
6087	435
2060	4709
4709	2060
744	2837
2837	744
1643	3525
3525	1643
2279	6340
6340	2279
2328	4469
4469	2328
1340	5543
5543	1340
950	3146
3146	950
1775	4325
4325	1775
1591	3320
3320	1591
1899	5240
5240	1899
1719	3320
3320	1719
524	5507
5507	524
1556	5524
5524	1556
189	4456
4456	189
923	3219
3219	923
611	4730
4730	611
1726	3645
3645	1726
1134	6151
6151	1134
2044	5687
5687	2044
2140	5974
5974	2140
1575	2380
2380	1575
423	3625
3625	423
2244	2862
2862	2244
1306	3830
3830	1306
803	2416
2416	803
529	6713
6713	529
1204	5723
5723	1204
1969	2425
2425	1969
833	4293
4293	833
640	2639
2639	640
1195	3506
3506	1195
146	3651
3651	146
2265	4890
4890	2265
942	3061
3061	942
1948	3238
3238	1948
429	4434
4434	429
39	4068
4068	39
2292	6700
6700	2292
2013	3637
3637	2013
1387	2383
2383	1387
1700	3944
3944	1700
1699	3931
3931	1699
1134	4562
4562	1134
712	3073
3073	712
509	3402
3402	509
911	3062
3062	911
308	2431
2431	308
930	4207
4207	930
2342	3466
3466	2342
1853	3881
3881	1853
1563	4019
4019	1563
1049	3024
3024	1049
1384	5793
5793	1384
425	3116
3116	425
1238	2664
2664	1238
993	2766
2766	993
293	2941
2941	293
518	3369
3369	518
1652	4106
4106	1652
649	3255
3255	649
1119	5303
5303	1119
349	3055
3055	349
1503	2366
2366	1503
1270	2419
2419	1270
1281	3867
3867	1281
1518	5695
5695	1518
646	4635
4635	646
238	6593
6593	238
2252	4665
4665	2252
1638	3670
3670	1638
214	2517
2517	214
321	3299
3299	321
1330	3053
3053	1330
2277	5802
5802	2277
128	2584
2584	128
381	4034
4034	381
853	3571
3571	853
2031	3846
3846	2031
1161	4265
4265	1161
737	5453
5453	737
1123	6692
6692	1123
2320	2453
2453	2320
2325	2883
2883	2325
497	3151
3151	497
395	4733
4733	395
109	2883
2883	109
207	3093
3093	207
1007	4396
4396	1007
1797	2721
2721	1797
721	3141
3141	721
1763	6436
6436	1763
1519	4296
4296	1519
513	4161
4161	513
1235	3256
3256	1235
949	3738
3738	949
141	4212
4212	141
624	2717
2717	624
1865	6187
6187	1865
1491	5102
5102	1491
1300	2838
2838	1300
1864	4309
4309	1864
1162	4418
4418	1162
1502	5940
5940	1502
1292	4461
4461	1292
1545	6487
6487	1545
946	2971
2971	946
276	3684
3684	276
972	3211
3211	972
1358	4290
4290	1358
2018	6033
6033	2018
2314	6108
6108	2314
2329	5497
5497	2329
1627	4821
4821	1627
1572	5624
5624	1572
1613	2435
2435	1613
706	3350
3350	706
524	3153
3153	524
1953	4481
4481	1953
1301	2766
2766	1301
971	2431
2431	971
355	5325
5325	355
1764	2633
2633	1764
289	4911
4911	289
1314	3634
3634	1314
888	3461
3461	888
171	4415
4415	171
753	4305
4305	753
896	2954
2954	896
681	4984
4984	681
2263	4030
4030	2263
451	6206
6206	451
1747	4399
4399	1747
552	4480
4480	552
1622	4592
4592	1622
1042	5787
5787	1042
115	4059
4059	115
821	4495
4495	821
550	4147
4147	550
299	3330
3330	299
2212	3060
3060	2212
2085	5518
5518	2085
1235	6483
6483	1235
1091	4202
4202	1091
509	3337
3337	509
2111	4010
4010	2111
1217	3980
3980	1217
824	3166
3166	824
1733	6456
6456	1733
1528	6660
6660	1528
2045	3698
3698	2045
317	4839
4839	317
1580	2651
2651	1580
989	4347
4347	989
1306	2598
2598	1306
785	5637
5637	785
1773	2750
2750	1773
2235	4249
4249	2235
520	2627
2627	520
2022	6000
6000	2022
2114	5347
5347	2114
1027	4870
4870	1027
1367	6556
6556	1367
1941	5233
5233	1941
1375	5623
5623	1375
1004	4320
4320	1004
2189	2744
2744	2189
503	3971
3971	503
2160	5363
5363	2160
1645	3015
3015	1645
1250	2727
2727	1250
1003	2395
2395	1003
1701	3032
3032	1701
722	2931
2931	722
334	2787
2787	334
1367	4991
4991	1367
676	4716
4716	676
285	5730
5730	285
778	5771
5771	778
1912	3025
3025	1912
775	5660
5660	775
991	6470
6470	991
487	2369
2369	487
676	5197
5197	676
935	3473
3473	935
2007	5252
5252	2007
693	6285
6285	693
1112	5980
5980	1112
1077	3766
3766	1077
994	6183
6183	994
1522	6329
6329	1522
1151	3211
3211	1151
844	4500
4500	844
363	5588
5588	363
1678	3258
3258	1678
2276	2506
2506	2276
2054	3039
3039	2054
1572	2890
2890	1572
695	3039
3039	695
1562	2557
2557	1562
1702	3032
3032	1702
1989	5414
5414	1989
230	3830
3830	230
2230	6176
6176	2230
1105	3779
3779	1105
1419	2552
2552	1419
500	2830
2830	500
820	3555
3555	820
1621	2513
2513	1621
1550	2873
2873	1550
219	3672
3672	219
1747	3797
3797	1747
325	4533
4533	325
2090	4480
4480	2090
150	4992
4992	150
1188	2482
2482	1188
198	5081
5081	198
483	3191
3191	483
1707	6104
6104	1707
1232	6053
6053	1232
747	3923
3923	747
1670	2734
2734	1670
917	5208
5208	917
2202	5685
5685	2202
1325	2439
2439	1325
1585	3090
3090	1585
1948	4218
4218	1948
1457	6721
6721	1457
1679	2901
2901	1679
1890	4979
4979	1890
1626	5058
5058	1626
1090	3537
3537	1090
1870	3598
3598	1870
2114	3547
3547	2114
1810	4063
4063	1810
1642	5593
5593	1642
1611	5002
5002	1611
2051	3771
3771	2051
674	3203
3203	674
884	4548
4548	884
687	3564
3564	687
200	4847
4847	200
1827	5020
5020	1827
223	5170
5170	223
1098	4893
4893	1098
2088	3503
3503	2088
408	3525
3525	408
1558	2894
2894	1558
1911	5095
5095	1911
1265	5805
5805	1265
268	4301
4301	268
1744	4336
4336	1744
926	4702
4702	926
423	5419
5419	423
1041	5650
5650	1041
1668	3989
3989	1668
1854	5988
5988	1854
1455	5694
5694	1455
1712	6267
6267	1712
83	5205
5205	83
2207	3931
3931	2207
1941	3375
3375	1941
1566	5872
5872	1566
863	6674
6674	863
1019	3360
3360	1019
1385	2383
2383	1385
1813	3691
3691	1813
1831	5283
5283	1831
86	6331
6331	86
1308	4223
4223	1308
1141	4225
4225	1141
1568	2552
2552	1568
1213	3985
3985	1213
1540	4392
4392	1540
2053	2625
2625	2053
1973	6611
6611	1973
970	2474
2474	970
146	5831
5831	146
1213	2407
2407	1213
669	2464
2464	669
1177	3008
3008	1177
1615	6395
6395	1615
1132	3195
3195	1132
1013	4948
4948	1013
1444	4993
4993	1444
1164	3049
3049	1164
1115	6057
6057	1115
1470	6065
6065	1470
1916	4416
4416	1916
818	6107
6107	818
2040	3118
3118	2040
755	6726
6726	755
1834	4585
4585	1834
1051	5756
5756	1051
667	6371
6371	667
9	5429
5429	9
1848	4735
4735	1848
2183	3294
3294	2183
1768	2741
2741	1768
1876	4584
4584	1876
564	4198
4198	564
370	6094
6094	370
1554	3984
3984	1554
2241	6671
6671	2241
0	3087
3087	0
80	5526
5526	80
1696	2749
2749	1696
74	4462
4462	74
307	4903
4903	307
255	5977
5977	255
980	3266
3266	980
1162	3211
3211	1162
1920	5917
5917	1920
358	2870
2870	358
2221	2435
2435	2221
924	4910
4910	924
551	3456
3456	551
2090	5922
5922	2090
199	6614
6614	199
672	2473
2473	672
703	3748
3748	703
709	4320
4320	709
2190	3184
3184	2190
1991	5281
5281	1991
559	2476
2476	559
2000	2850
2850	2000
746	4001
4001	746
178	4294
4294	178
279	3528
3528	279
834	3163
3163	834
993	4190
4190	993
975	2347
2347	975
813	3614
3614	813
921	3925
3925	921
2030	5664
5664	2030
2298	4001
4001	2298
1672	5332
5332	1672
2182	4600
4600	2182
1656	4771
4771	1656
1523	5437
5437	1523
2122	6516
6516	2122
1418	3704
3704	1418
992	2467
2467	992
1200	4468
4468	1200
1809	5483
5483	1809
2231	6504
6504	2231
425	4764
4764	425
1181	3596
3596	1181
806	2415
2415	806
664	3073
3073	664
2175	3277
3277	2175
1637	2986
2986	1637
437	4244
4244	437
822	2717
2717	822
1249	6712
6712	1249
1142	3579
3579	1142
2255	2636
2636	2255
208	2608
2608	208
1482	5151
5151	1482
1380	3906
3906	1380
1131	4612
4612	1131
1001	3383
3383	1001
15	4003
4003	15
425	3842
3842	425
470	5560
5560	470
1702	4519
4519	1702
1064	2855
2855	1064
1734	3281
3281	1734
1977	5726
5726	1977
1634	4510
4510	1634
1799	6416
6416	1799
1883	6464
6464	1883
1837	4807
4807	1837
1273	4072
4072	1273
13	3099
3099	13
1285	4408
4408	1285
393	6139
6139	393
220	3920
3920	220
1240	3455
3455	1240
155	2981
2981	155
1005	6661
6661	1005
2098	3342
3342	2098
1418	3100
3100	1418
910	4261
4261	910
1215	6623
6623	1215
741	3677
3677	741
827	3940
3940	827
1998	4667
4667	1998
1863	3249
3249	1863
1713	2716
2716	1713
1837	2488
2488	1837
223	2976
2976	223
159	4999
4999	159
144	6046
6046	144
1521	2432
2432	1521
1784	3330
3330	1784
1900	3099
3099	1900
1215	6449
6449	1215
883	4489
4489	883
1924	3704
3704	1924
1898	3060
3060	1898
2266	4640
4640	2266
944	2845
2845	944
91	3045
3045	91
1713	3431
3431	1713
1168	3603
3603	1168
2076	5521
5521	2076
2199	4190
4190	2199
1786	3181
3181	1786
814	2843
2843	814
1460	4533
4533	1460
949	2552
2552	949
2321	3298
3298	2321
2167	6169
6169	2167
1196	6455
6455	1196
1426	4794
4794	1426
2310	6219
6219	2310
2222	2809
2809	2222
375	6362
6362	375
1921	2847
2847	1921
52	2672
2672	52
1356	3432
3432	1356
1017	3218
3218	1017
2332	5517
5517	2332
8	3292
3292	8
1497	3601
3601	1497
2231	4496
4496	2231
1957	2445
2445	1957
1465	5383
5383	1465
2198	5376
5376	2198
1280	4193
4193	1280
217	2359
2359	217
1539	3442
3442	1539
1058	4342
4342	1058
2103	4734
4734	2103
694	2903
2903	694
1505	2738
2738	1505
1224	4341
4341	1224
1061	6168
6168	1061
2309	3916
3916	2309
1200	6417
6417	1200
1565	3989
3989	1565
918	4589
4589	918
2130	5949
5949	2130
4	2645
2645	4
307	4378
4378	307
1388	4706
4706	1388
1899	2735
2735	1899
872	5591
5591	872
1555	5688
5688	1555
2009	5153
5153	2009
2150	3346
3346	2150
588	2807
2807	588
749	2347
2347	749
1114	2431
2431	1114
112	2742
2742	112
667	3080
3080	667
569	3808
3808	569
1244	3672
3672	1244
1125	2914
2914	1125
89	4467
4467	89
934	4587
4587	934
73	2486
2486	73
750	4225
4225	750
2165	3424
3424	2165
2134	6322
6322	2134
1200	6381
6381	1200
88	2519
2519	88
1639	3161
3161	1639
2110	3245
3245	2110
2212	6397
6397	2212
755	3237
3237	755
1148	4846
4846	1148
2222	4141
4141	2222
70	6693
6693	70
344	3253
3253	344
1140	5243
5243	1140
1548	6524
6524	1548
622	3978
3978	622
1058	4648
4648	1058
792	3954
3954	792
343	5522
5522	343
95	2976
2976	95
1786	4561
4561	1786
781	5361
5361	781
245	4089
4089	245
1886	6625
6625	1886
1003	3747
3747	1003
122	5536
5536	122
2336	3265
3265	2336
2144	2837
2837	2144
1340	3258
3258	1340
598	6529
6529	598
1100	5637
5637	1100
2025	6369
6369	2025
1521	4706
4706	1521
1729	2883
2883	1729
416	3421
3421	416
1228	3175
3175	1228
556	2645
2645	556
1430	6260
6260	1430
1135	2475
2475	1135
859	6446
6446	859
1337	2634
2634	1337
1987	3506
3506	1987
2068	5443
5443	2068
709	2459
2459	709
1496	5101
5101	1496
2098	4129
4129	2098
1163	5070
5070	1163
850	2622
2622	850
1987	5888
5888	1987
1896	2479
2479	1896
216	3768
3768	216
320	5391
5391	320
459	3073
3073	459
2125	3371
3371	2125
1730	5506
5506	1730
1150	2693
2693	1150
554	4218
4218	554
617	3075
3075	617
1437	2848
2848	1437
1716	6034
6034	1716
406	3072
3072	406
1993	2682
2682	1993
433	3001
3001	433
1744	4460
4460	1744
2229	6574
6574	2229
985	3722
3722	985
1326	3130
3130	1326
2343	6717
6717	2343
565	4218
4218	565
424	4581
4581	424
1403	4996
4996	1403
790	5379
5379	790
1757	4888
4888	1757
1979	3085
3085	1979
176	4629
4629	176
797	5048
5048	797
1652	6676
6676	1652
1762	4903
4903	1762
1807	4640
4640	1807
1790	4143
4143	1790
262	2589
2589	262
627	3476
3476	627
1717	4774
4774	1717
682	5053
5053	682
1974	6356
6356	1974
2062	2981
2981	2062
793	5861
5861	793
1010	4467
4467	1010
1957	6275
6275	1957
686	2999
2999	686
1074	4608
4608	1074
1610	2530
2530	1610
377	2696
2696	377
119	5465
5465	119
2033	2365
2365	2033
1183	5700
5700	1183
1123	5785
5785	1123
1524	5306
5306	1524
1316	5067
5067	1316
1202	3257
3257	1202
2094	6415
6415	2094
2327	4606
4606	2327
2299	4495
4495	2299
174	6575
6575	174
753	2727
2727	753
2160	2872
2872	2160
378	5368
5368	378
1578	3504
3504	1578
52	3799
3799	52
660	2924
2924	660
1122	4823
4823	1122
724	6149
6149	724
771	4248
4248	771
2228	4805
4805	2228
1845	6290
6290	1845
139	6728
6728	139
1943	3388
3388	1943
2304	5218
5218	2304
2226	2642
2642	2226
452	3963
3963	452
852	4573
4573	852
824	6152
6152	824
158	3771
3771	158
35	3735
3735	35
1172	4295
4295	1172
1676	3051
3051	1676
957	2635
2635	957
1673	2485
2485	1673
1046	5550
5550	1046
760	4531
4531	760
1811	5196
5196	1811
319	3691
3691	319
1234	2347
2347	1234
632	2625
2625	632
1901	5860
5860	1901
669	3606
3606	669
393	2511
2511	393
27	6129
6129	27
1167	2981
2981	1167
1137	5051
5051	1137
2245	5618
5618	2245
1066	4539
4539	1066
327	3292
3292	327
271	2461
2461	271
1862	4311
4311	1862
2161	3221
3221	2161
2239	5826
5826	2239
969	3844
3844	969
2106	6389
6389	2106
295	4193
4193	295
1035	5945
5945	1035
1286	3745
3745	1286
467	4462
4462	467
880	4402
4402	880
251	2818
2818	251
485	3007
3007	485
1735	3108
3108	1735
551	4778
4778	551
1349	6468
6468	1349
1806	5720
5720	1806
287	3786
3786	287
1247	6577
6577	1247
732	6703
6703	732
1930	6675
6675	1930
742	4189
4189	742
1093	2550
2550	1093
371	3853
3853	371
804	5601
5601	804
1403	3331
3331	1403
1354	3003
3003	1354
424	2549
2549	424
1941	3726
3726	1941
576	2941
2941	576
1035	3329
3329	1035
1231	3668
3668	1231
982	4117
4117	982
1508	3856
3856	1508
1980	6489
6489	1980
87	5309
5309	87
1570	6383
6383	1570
271	3504
3504	271
1501	4718
4718	1501
242	2975
2975	242
450	4152
4152	450
1204	5839
5839	1204
2163	2856
2856	2163
444	2464
2464	444
522	4086
4086	522
1283	3249
3249	1283
1678	5075
5075	1678
417	4630
4630	417
559	4597
4597	559
1119	2630
2630	1119
1345	6698
6698	1345
5	3383
3383	5
2118	4563
4563	2118
1703	5844
5844	1703
235	6512
6512	235
1669	5646
5646	1669
616	5284
5284	616
755	3746
3746	755
2293	3573
3573	2293
2213	2868
2868	2213
509	6013
6013	509
686	3744
3744	686
885	2763
2763	885
986	5969
5969	986
1352	3022
3022	1352
1298	5017
5017	1298
962	4970
4970	962
856	6239
6239	856
203	5887
5887	203
547	2728
2728	547
1343	2800
2800	1343
2214	3132
3132	2214
2248	5717
5717	2248
1556	3498
3498	1556
1348	5597
5597	1348
1776	5262
5262	1776
168	2858
2858	168
441	4261
4261	441
518	5659
5659	518
101	5471
5471	101
32	2431
2431	32
1450	6294
6294	1450
821	6229
6229	821
1159	3106
3106	1159
1588	3052
3052	1588
2164	3292
3292	2164
2223	4060
4060	2223
817	2999
2999	817
1328	5915
5915	1328
2303	5820
5820	2303
291	2727
2727	291
1902	4212
4212	1902
835	5836
5836	835
856	3225
3225	856
1381	3511
3511	1381
2074	3504
3504	2074
782	3449
3449	782
1872	6125
6125	1872
1614	5048
5048	1614
106	2803
2803	106
389	5349
5349	389
2221	2762
2762	2221
1342	5255
5255	1342
2189	3184
3184	2189
524	3890
3890	524
1026	2766
2766	1026
1	5292
5292	1
2047	5106
5106	2047
549	4349
4349	549
2091	5219
5219	2091
200	2549
2549	200
2283	2895
2895	2283
573	3605
3605	573
1154	2479
2479	1154
580	4212
4212	580
1471	3072
3072	1471
832	4968
4968	832
1317	2635
2635	1317
607	3039
3039	607
350	5199
5199	350
1454	5800
5800	1454
2218	2806
2806	2218
337	2407
2407	337
1728	4331
4331	1728
668	6020
6020	668
1036	2752
2752	1036
1953	5616
5616	1953
1760	3296
3296	1760
1602	4725
4725	1602
511	4766
4766	511
1453	3980
3980	1453
1431	3193
3193	1431
867	2636
2636	867
1369	4311
4311	1369
300	3997
3997	300
1654	4870
4870	1654
1204	5658
5658	1204
1320	6398
6398	1320
1176	3911
3911	1176
1879	3941
3941	1879
159	4532
4532	159
1161	5862
5862	1161
843	3519
3519	843
1723	2648
2648	1723
1659	4290
4290	1659
1684	2347
2347	1684
1183	6553
6553	1183
1496	3095
3095	1496
327	4091
4091	327
757	4235
4235	757
217	2401
2401	217
2001	3977
3977	2001
981	3473
3473	981
2222	6164
6164	2222
34	3058
3058	34
546	4861
4861	546
804	5841
5841	804
370	4979
4979	370
787	3697
3697	787
785	4302
4302	785
1605	3882
3882	1605
2000	3330
3330	2000
94	4993
4993	94
1015	5205
5205	1015
1200	2736
2736	1200
69	3198
3198	69
2201	4318
4318	2201
1818	2639
2639	1818
403	3226
3226	403
225	3786
3786	225
1628	3530
3530	1628
380	2883
2883	380
2023	5224
5224	2023
1212	3985
3985	1212
1461	5634
5634	1461
731	3097
3097	731
2028	3991
3991	2028
1123	4360
4360	1123
1279	3852
3852	1279
446	3341
3341	446
1346	2903
2903	1346
332	2891
2891	332
2161	5363
5363	2161
1219	6554
6554	1219
808	2931
2931	808
2099	4278
4278	2099
1040	2749
2749	1040
1282	4515
4515	1282
151	6134
6134	151
1083	5655
5655	1083
1370	4305
4305	1370
643	4000
4000	643
1541	5296
5296	1541
1615	3411
3411	1615
1112	2598
2598	1112
2164	3021
3021	2164
2262	3169
3169	2262
31	5693
5693	31
341	3514
3514	341
27	3326
3326	27
1256	6601
6601	1256
1275	3063
3063	1275
619	6477
6477	619
179	2758
2758	179
2005	2976
2976	2005
1937	2671
2671	1937
1362	3504
3504	1362
856	4809
4809	856
1053	3719
3719	1053
2181	5343
5343	2181
598	2480
2480	598
1638	5741
5741	1638
426	3449
3449	426
174	4641
4641	174
93	2637
2637	93
30	4459
4459	30
1185	2637
2637	1185
132	2789
2789	132
2193	3980
3980	2193
892	4393
4393	892
534	2609
2609	534
1257	3902
3902	1257
1008	6135
6135	1008
1527	5757
5757	1527
790	3139
3139	790
1767	3261
3261	1767
1499	2972
2972	1499
2136	2745
2745	2136
1759	3565
3565	1759
1072	4679
4679	1072
2057	4342
4342	2057
2122	4601
4601	2122
1080	2775
2775	1080
220	2431
2431	220
2123	4496
4496	2123
2273	5433
5433	2273
2188	6312
6312	2188
2311	5693
5693	2311
1349	3418
3418	1349
966	3060
3060	966
2285	3107
3107	2285
1862	6067
6067	1862
766	4430
4430	766
998	6538
6538	998
1065	4150
4150	1065
2219	3771
3771	2219
1452	5280
5280	1452
1158	6701
6701	1158
363	5029
5029	363
2296	3363
3363	2296
1569	5932
5932	1569
689	5298
5298	689
1500	2640
2640	1500
1581	3315
3315	1581
855	4707
4707	855
2125	2766
2766	2125
680	3751
3751	680
882	4136
4136	882
1178	3873
3873	1178
453	4903
4903	453
1332	4717
4717	1332
1789	5297
5297	1789
2131	2721
2721	2131
754	2792
2792	754
1958	3672
3672	1958
708	2592
2592	708
439	4449
4449	439
831	6215
6215	831
2147	4053
4053	2147
747	2759
2759	747
2109	3603
3603	2109
752	3759
3759	752
1143	3268
3268	1143
1808	3418
3418	1808
1788	4565
4565	1788
1253	5365
5365	1253
1005	5249
5249	1005
73	5625
5625	73
606	3866
3866	606
786	3887
3887	786
2220	2534
2534	2220
1029	3315
3315	1029
80	2986
2986	80
658	2530
2530	658
1	4543
4543	1
2119	4480
4480	2119
1145	3155
3155	1145
1877	5742
5742	1877
764	5643
5643	764
743	6688
6688	743
180	3630
3630	180
413	2739
2739	413
726	5080
5080	726
779	3832
3832	779
1804	4059
4059	1804
411	5308
5308	411
777	4981
4981	777
978	5666
5666	978
237	3786
3786	237
1066	5882
5882	1066
708	5075
5075	708
1384	5449
5449	1384
1000	2656
2656	1000
1832	3580
3580	1832
1197	5671
5671	1197
2196	6101
6101	2196
506	3439
3439	506
2052	3315
3315	2052
186	4500
4500	186
165	2806
2806	165
724	5605
5605	724
1292	3137
3137	1292
1726	3032
3032	1726
1670	4271
4271	1670
1788	5798
5798	1788
1797	3635
3635	1797
970	6548
6548	970
2262	3634
3634	2262
793	3139
3139	793
1744	6490
6490	1744
1200	6599
6599	1200
190	3751
3751	190
624	2716
2716	624
464	4242
4242	464
641	3544
3544	641
2238	4048
4048	2238
394	4234
4234	394
441	3730
3730	441
146	5579
5579	146
1099	2691
2691	1099
788	4003
4003	788
1197	3825
3825	1197
58	4542
4542	58
22	3514
3514	22
1664	4061
4061	1664
1258	3031
3031	1258
913	5377
5377	913
761	3434
3434	761
1816	2906
2906	1816
1633	4737
4737	1633
492	4238
4238	492
425	3101
3101	425
366	5611
5611	366
1286	6158
6158	1286
2248	4938
4938	2248
1929	6349
6349	1929
2329	4757
4757	2329
1879	4337
4337	1879
521	5122
5122	521
578	3874
3874	578
529	2912
2912	529
1462	3944
3944	1462
1339	4676
4676	1339
2034	3274
3274	2034
1429	2546
2546	1429
1700	3032
3032	1700
94	3959
3959	94
140	5092
5092	140
1825	3100
3100	1825
715	3785
3785	715
714	5029
5029	714
260	6284
6284	260
339	5166
5166	339
1792	2592
2592	1792
912	5065
5065	912
2017	4816
4816	2017
2230	5592
5592	2230
1071	2663
2663	1071
1786	3958
3958	1786
1491	6632
6632	1491
816	3836
3836	816
1822	5740
5740	1822
281	4144
4144	281
234	2727
2727	234
1893	3234
3234	1893
876	6473
6473	876
1232	6474
6474	1232
205	4492
4492	205
1186	2431
2431	1186
1570	3204
3204	1570
1855	3605
3605	1855
736	3512
3512	736
368	4812
4812	368
1858	5978
5978	1858
1073	3342
3342	1073
1260	3232
3232	1260
1022	3580
3580	1022
363	4849
4849	363
530	5562
5562	530
90	6471
6471	90
1278	4855
4855	1278
879	2666
2666	879
965	5382
5382	965
859	5954
5954	859
1410	2908
2908	1410
1213	5028
5028	1213
2241	5971
5971	2241
814	2377
2377	814
1240	5377
5377	1240
1290	4452
4452	1290
163	4610
4610	163
1013	5763
5763	1013
1838	4184
4184	1838
423	2478
2478	423
143	4117
4117	143
1198	6506
6506	1198
2270	3410
3410	2270
2184	3294
3294	2184
305	2920
2920	305
857	4673
4673	857
2337	3265
3265	2337
1965	2443
2443	1965
1864	2957
2957	1864
1255	3083
3083	1255
2074	2461
2461	2074
948	2409
2409	948
175	4729
4729	175
1884	2718
2718	1884
756	5479
5479	756
2055	3504
3504	2055
1622	5444
5444	1622
854	4165
4165	854
916	4184
4184	916
2116	4594
4594	2116
806	4433
4433	806
839	3039
3039	839
1509	4863
4863	1509
795	6008
6008	795
228	5391
5391	228
2120	4486
4486	2120
2168	2479
2479	2168
1997	5131
5131	1997
2295	4746
4746	2295
1161	6613
6613	1161
1088	2349
2349	1088
1987	2389
2389	1987
256	5996
5996	256
2230	5335
5335	2230
202	3201
3201	202
1481	3504
3504	1481
2257	2431
2431	2257
309	2746
2746	309
444	4595
4595	444
2324	5890
5890	2324
1180	4795
4795	1180
184	2541
2541	184
1780	4840
4840	1780
679	2695
2695	679
1006	3610
3610	1006
972	2347
2347	972
370	5248
5248	370
826	3612
3612	826
449	4909
4909	449
1717	2928
2928	1717
2148	4338
4338	2148
835	6132
6132	835
0	3418
3418	0
44	3710
3710	44
19	2695
2695	19
2120	6243
6243	2120
878	3504
3504	878
1432	3119
3119	1432
830	2686
2686	830
1604	2609
2609	1604
160	5430
5430	160
1266	6431
6431	1266
137	3582
3582	137
1925	5673
5673	1925
1782	3672
3672	1782
1146	3957
3957	1146
714	2616
2616	714
1222	4698
4698	1222
2006	2976
2976	2006
564	2443
2443	564
1869	4214
4214	1869
273	5360
5360	273
1430	2920
2920	1430
1836	2958
2958	1836
535	2476
2476	535
1089	5666
5666	1089
130	5644
5644	130
2132	6227
6227	2132
1758	4262
4262	1758
2259	3033
3033	2259
2163	6550
6550	2163
933	5044
5044	933
1878	6536
6536	1878
1933	3122
3122	1933
902	4538
4538	902
2333	6511
6511	2333
43	2541
2541	43
1705	3094
3094	1705
579	4277
4277	579
1420	5108
5108	1420
38	2949
2949	38
1899	3364
3364	1899
2234	5357
5357	2234
651	3337
3337	651
81	6292
6292	81
664	6035
6035	664
133	3610
3610	133
147	6334
6334	147
24	4107
4107	24
2019	3081
3081	2019
1539	5788
5788	1539
618	2564
2564	618
1372	3184
3184	1372
827	4802
4802	827
263	2432
2432	263
702	2690
2690	702
791	3144
3144	791
1395	3641
3641	1395
1745	5953
5953	1745
499	4021
4021	499
1355	4848
4848	1355
1801	2365
2365	1801
788	2803
2803	788
1689	3339
3339	1689
2346	3367
3367	2346
402	6249
6249	402
315	4648
4648	315
2295	2727
2727	2295
1658	3315
3315	1658
2032	3451
3451	2032
1671	6088
6088	1671
35	6365
6365	35
755	6204
6204	755
267	4097
4097	267
1366	2727
2727	1366
1299	3771
3771	1299
959	3921
3921	959
1948	2851
2851	1948
1171	2948
2948	1171
70	3767
3767	70
2161	2872
2872	2161
2230	5581
5581	2230
1946	2443
2443	1946
1498	3147
3147	1498
1520	4296
4296	1520
793	3954
3954	793
250	5538
5538	250
1161	3602
3602	1161
2042	4186
4186	2042
2293	5362
5362	2293
2083	6643
6643	2083
1891	2461
2461	1891
1932	4889
4889	1932
2231	2510
2510	2231
1530	5107
5107	1530
1014	4239
4239	1014
1446	2377
2377	1446
1434	4527
4527	1434
417	5556
5556	417
1476	3749
3749	1476
1389	5734
5734	1389
145	3333
3333	145
1128	5065
5065	1128
225	2803
2803	225
1850	5674
5674	1850
414	4808
4808	414
2143	3032
3032	2143
1557	4928
4928	1557
2230	2524
2524	2230
2161	5801
5801	2161
698	3493
3493	698
164	5854
5854	164
344	5483
5483	344
1822	4188
4188	1822
1793	2627
2627	1793
2064	5504
5504	2064
842	2479
2479	842
1097	3510
3510	1097
2233	4986
4986	2233
2302	6607
6607	2302
1095	3138
3138	1095
708	3258
3258	708
346	2517
2517	346
379	5319
5319	379
116	2749
2749	116
2309	6559
6559	2309
947	5430
5430	947
1787	2857
2857	1787
2026	6031
6031	2026
432	6501
6501	432
899	3121
3121	899
558	5769
5769	558
1034	5849
5849	1034
2230	5721
5721	2230
1077	4668
4668	1077
1593	3658
3658	1593
1985	3737
3737	1985
388	3509
3509	388
1507	5111
5111	1507
1032	4101
4101	1032
807	3249
3249	807
613	4181
4181	613
2264	4055
4055	2264
1311	2659
2659	1311
133	2539
2539	133
2213	5777
5777	2213
103	4473
4473	103
33	5163
5163	33
406	5657
5657	406
1035	2857
2857	1035
1940	4191
4191	1940
2203	3588
3588	2203
1559	5476
5476	1559
368	3303
3303	368
704	2903
2903	704
922	3528
3528	922
545	5464
5464	545
1357	6232
6232	1357
1504	4691
4691	1504
861	2793
2793	861
856	2782
2782	856
995	4799
4799	995
1748	6230
6230	1748
175	2783
2783	175
425	4268
4268	425
1199	4614
4614	1199
1270	5069
5069	1270
167	4335
4335	167
1182	6011
6011	1182
275	2662
2662	275
531	4798
4798	531
424	4847
4847	424
1411	3001
3001	1411
602	3020
3020	602
2187	5081
5081	2187
2129	2760
2760	2129
1617	6359
6359	1617
218	5546
5546	218
416	5989
5989	416
1140	4225
4225	1140
1374	3246
3246	1374
714	6009
6009	714
2055	3046
3046	2055
1901	5193
5193	1901
1291	6140
6140	1291
738	3761
3761	738
1976	6207
6207	1976
1309	5960
5960	1309
1111	2901
2901	1111
1664	4083
4083	1664
1597	5039
5039	1597
1203	4418
4418	1203
649	6049
6049	649
2231	6307
6307	2231
1438	3329
3329	1438
1886	4112
4112	1886
1635	3853
3853	1635
1910	5208
5208	1910
1751	5139
5139	1751
2179	6156
6156	2179
523	3917
3917	523
683	6296
6296	683
1221	2659
2659	1221
1307	3879
3879	1307
1528	4880
4880	1528
2038	5148
5148	2038
1046	3932
3932	1046
71	4535
4535	71
710	2690
2690	710
2195	2538
2538	2195
381	5133
5133	381
457	3177
3177	457
2164	2711
2711	2164
725	2666
2666	725
372	6450
6450	372
2178	3052
3052	2178
1158	4677
4677	1158
2078	4227
4227	2078
20	5049
5049	20
1200	5582
5582	1200
789	4654
4654	789
652	5081
5081	652
1775	6571
6571	1775
1650	5458
5458	1650
630	5796
5796	630
781	2608
2608	781
592	3829
3829	592
502	5700
5700	502
719	3572
3572	719
1859	3207
3207	1859
321	3248
3248	321
37	2588
2588	37
658	2716
2716	658
2335	3739
3739	2335
1632	3780
3780	1632
863	4017
4017	863
445	2587
2587	445
1657	5434
5434	1657
14	5692
5692	14
492	6457
6457	492
241	4425
4425	241
88	3567
3567	88
2076	2408
2408	2076
117	4667
4667	117
9	5645
5645	9
1233	2347
2347	1233
575	3153
3153	575
536	2960
2960	536
1022	2494
2494	1022
157	5231
5231	157
1798	3637
3637	1798
1737	3955
3955	1737
1889	3918
3918	1889
36	3747
3747	36
943	6566
6566	943
502	2727
2727	502
1274	6499
6499	1274
1688	2823
2823	1688
1596	2702
2702	1596
604	3771
3771	604
761	3182
3182	761
1665	2903
2903	1665
780	4727
4727	780
1158	2762
2762	1158
1574	2380
2380	1574
1959	4871
4871	1959
2238	2394
2394	2238
1946	3477
3477	1946
1506	2497
2497	1506
2001	2552
2552	2001
1759	2552
2552	1759
2142	5974
5974	2142
960	6250
6250	960
1587	2431
2431	1587
1314	4407
4407	1314
1266	4147
4147	1266
2049	3990
3990	2049
61	3034
3034	61
1230	3271
3271	1230
1935	5209
5209	1935
2208	3824
3824	2208
1329	4421
4421	1329
678	6690
6690	678
890	3781
3781	890
703	5348
5348	703
267	3774
3774	267
1412	5549
5549	1412
791	2458
2458	791
1348	6160
6160	1348
898	2602
2602	898
1680	4678
4678	1680
1739	3423
3423	1739
1692	4435
4435	1692
1772	6541
6541	1772
62	3651
3651	62
1752	5103
5103	1752
303	3866
3866	303
1856	5344
5344	1856
1183	5584
5584	1183
587	3380
3380	587
1782	4888
4888	1782
1294	4378
4378	1294
2059	3315
3315	2059
533	3799
3799	533
161	4770
4770	161
534	6631
6631	534
478	6355
6355	478
1241	2635
2635	1241
1927	2837
2837	1927
2283	3611
3611	2283
2184	3861
3861	2184
2094	5100
5100	2094
294	3097
3097	294
2232	6299
6299	2232
887	3525
3525	887
514	2690
2690	514
333	2787
2787	333
2021	6405
6405	2021
1871	3598
3598	1871
1647	3134
3134	1647
2149	3320
3320	2149
1686	2992
2992	1686
206	4145
4145	206
406	5040
5040	406
694	5280
5280	694
764	4104
4104	764
1426	4888
4888	1426
1564	2380
2380	1564
1113	3723
3723	1113
1079	3136
3136	1079
103	4072
4072	103
490	4578
4578	490
1708	3863
3863	1708
1841	2787
2787	1841
2332	2624
2624	2332
895	3384
3384	895
2220	4496
4496	2220
1160	3754
3754	1160
360	5369
5369	360
621	6193
6193	621
217	5897
5897	217
96	4840
4840	96
1120	3522
3522	1120
510	5187
5187	510
139	6310
6310	139
1751	5852
5852	1751
1356	5717
5717	1356
734	2552
2552	734
693	3034
3034	693
1394	2383
2383	1394
103	4710
4710	103
790	4503
4503	790
1555	2793
2793	1555
1521	2751
2751	1521
1706	4794
4794	1706
1952	5005
5005	1952
785	2781
2781	785
578	4458
4458	578
418	2496
2496	418
1254	3425
3425	1254
2164	4007
4007	2164
1426	4943
4943	1426
986	6246
6246	986
1200	6313
6313	1200
33	5006
5006	33
1063	5668
5668	1063
1170	2957
2957	1170
1076	4350
4350	1076
1564	6615
6615	1564
1474	3236
3236	1474
1401	5341
5341	1401
1524	6497
6497	1524
1084	6288
6288	1084
1546	3678
3678	1546
1920	5132
5132	1920
581	3840
3840	581
891	4126
4126	891
1759	4439
4439	1759
1455	3980
3980	1455
484	3066
3066	484
2254	4409
4409	2254
1092	3003
3003	1092
2087	3330
3330	2087
519	3725
3725	519
565	5712
5712	565
595	2827
2827	595
21	2635
2635	21
1993	4291
4291	1993
242	2903
2903	242
1208	3629
3629	1208
223	4142
4142	223
1457	6175
6175	1457
2284	4042
4042	2284
2102	5087
5087	2102
1161	2978
2978	1161
1023	5247
5247	1023
2160	4426
4426	2160
1030	4618
4618	1030
1829	5385
5385	1829
1391	2383
2383	1391
2326	4606
4606	2326
2123	4721
4721	2123
419	4501
4501	419
1376	2763
2763	1376
1822	5696
5696	1822
1145	5633
5633	1145
1427	3568
3568	1427
945	4114
4114	945
1993	2768
2768	1993
459	6035
6035	459
793	5149
5149	793
528	3261
3261	528
211	4979
4979	211
893	6583
6583	893
621	6375
6375	621
2034	6242
6242	2034
1988	2427
2427	1988
156	3392
3392	156
1730	5251
5251	1730
1749	4817
4817	1749
1129	2573
2573	1129
2217	2452
2452	2217
800	5542
5542	800
837	5764
5764	837
237	4111
4111	237
1794	5789
5789	1794
2082	3713
3713	2082
2192	2961
2961	2192
2171	2925
2925	2171
1698	5789
5789	1698
154	4958
4958	154
1557	2976
2976	1557
748	2944
2944	748
2120	5340
5340	2120
1732	2436
2436	1732
1537	5781
5781	1537
1491	3210
3210	1491
503	6573
6573	503
221	3925
3925	221
